## LogoData
# First column is position number, counting from zero
# Subsequent columns are raw symbol counts
# Entropy is mean entropy measured in nats.
# Low and High are the 95% confidence limits.
# Weight is the fraction of non-gap symbols in the column.
#	
#	A 	C 	D 	E 	F 	G 	H 	I 	K 	L 	M 	N 	P 	Q 	R 	S 	T 	V 	W 	Y 	Entropy	Low	High	Weight
1 	0 	0 	0 	0 	0 	0 	0 	0 	0 	2 	38 	0 	0 	0 	0 	0 	0 	0 	0 	0 	2.9490 	2.5741 	3.3240 	0.8511
2 	33 	0 	0 	0 	0 	0 	0 	0 	0 	0 	7 	0 	0 	0 	0 	7 	0 	0 	0 	0 	1.6150 	1.2954 	1.9345 	1.0000
3 	0 	0 	1 	0 	0 	0 	0 	0 	0 	0 	0 	0 	0 	0 	0 	0 	0 	0 	0 	0 	1.0808 	0.4845 	1.6771 	0.0213
4 	6 	0 	1 	4 	0 	1 	0 	1 	1 	0 	0 	2 	0 	0 	0 	9 	2 	19 	0 	0 	0.8822 	0.6122 	1.1523 	0.9787
5 	0 	0 	0 	0 	0 	1 	0 	0 	41 	0 	0 	3 	0 	2 	0 	0 	0 	0 	0 	0 	2.0570 	1.7046 	2.4094 	1.0000
6 	2 	0 	0 	0 	0 	0 	0 	0 	19 	0 	0 	0 	0 	0 	2 	3 	21 	0 	0 	0 	1.4386 	1.1646 	1.7125 	1.0000
7 	0 	0 	0 	0 	6 	0 	0 	0 	0 	0 	0 	0 	0 	0 	0 	0 	0 	0 	0 	41 	2.6132 	2.2871 	2.9392 	1.0000
8 	0 	0 	19 	11 	0 	0 	0 	0 	1 	0 	0 	4 	0 	4 	0 	7 	1 	0 	0 	0 	1.1630 	0.9110 	1.4149 	1.0000
9 	47 	0 	0 	0 	0 	0 	0 	0 	0 	0 	0 	0 	0 	0 	0 	0 	0 	0 	0 	0 	2.1268 	1.8185 	2.4352 	1.0000
10 	0 	0 	0 	0 	0 	47 	0 	0 	0 	0 	0 	0 	0 	0 	0 	0 	0 	0 	0 	0 	2.2416 	1.9330 	2.5502 	1.0000
11 	0 	0 	0 	0 	0 	0 	0 	0 	0 	0 	0 	0 	0 	0 	0 	0 	0 	47 	0 	0 	2.3186 	2.0097 	2.6275 	1.0000
12 	0 	0 	0 	0 	0 	0 	0 	0 	45 	0 	0 	0 	0 	2 	0 	0 	0 	0 	0 	0 	2.3177 	1.9872 	2.6483 	1.0000
13 	0 	0 	13 	34 	0 	0 	0 	0 	0 	0 	0 	0 	0 	0 	0 	0 	0 	0 	0 	0 	1.9006 	1.6168 	2.1844 	1.0000
14 	0 	0 	0 	0 	0 	0 	0 	0 	0 	0 	0 	0 	0 	0 	0 	0 	0 	0 	0 	47 	2.9653 	2.6499 	3.2807 	1.0000
15 	4 	0 	0 	0 	0 	0 	0 	0 	0 	0 	0 	0 	0 	3 	40 	0 	0 	0 	0 	0 	2.0082 	1.6709 	2.3456 	1.0000
16 	1 	0 	12 	5 	0 	0 	3 	0 	4 	3 	0 	0 	0 	19 	0 	0 	0 	0 	0 	0 	1.2745 	1.0100 	1.5391 	1.0000
17 	1 	0 	0 	0 	0 	0 	0 	0 	3 	1 	8 	1 	0 	0 	0 	0 	32 	1 	0 	0 	1.6867 	1.3409 	2.0325 	1.0000
18 	0 	0 	0 	0 	0 	0 	0 	0 	0 	0 	0 	0 	0 	0 	0 	0 	0 	0 	0 	47 	2.9653 	2.6499 	3.2807 	1.0000
19 	0 	0 	0 	0 	0 	0 	0 	0 	0 	0 	0 	0 	0 	0 	0 	0 	0 	0 	47 	0 	3.7793 	3.4453 	4.1133 	1.0000
20 	6 	0 	0 	0 	0 	0 	0 	0 	0 	0 	11 	0 	0 	5 	0 	0 	24 	1 	0 	0 	1.5390 	1.2509 	1.8271 	1.0000
21 	0 	0 	0 	0 	0 	0 	0 	0 	0 	0 	0 	0 	47 	0 	0 	0 	0 	0 	0 	0 	2.5478 	2.2375 	2.8582 	1.0000
22 	0 	0 	31 	15 	0 	0 	0 	0 	0 	0 	0 	1 	0 	0 	0 	0 	0 	0 	0 	0 	1.8557 	1.5714 	2.1399 	1.0000
23 	0 	0 	0 	0 	0 	0 	0 	0 	0 	0 	0 	0 	0 	0 	0 	0 	0 	0 	0 	47 	2.9653 	2.6499 	3.2807 	1.0000
24 	1 	0 	0 	0 	0 	0 	0 	3 	0 	1 	2 	0 	0 	0 	0 	0 	8 	32 	0 	0 	1.5281 	1.1961 	1.8600 	1.0000
25 	0 	0 	0 	0 	0 	0 	0 	0 	0 	0 	0 	0 	47 	0 	0 	0 	0 	0 	0 	0 	2.5478 	2.2375 	2.8582 	1.0000
26 	0 	0 	0 	0 	0 	0 	0 	0 	0 	47 	0 	0 	0 	0 	0 	0 	0 	0 	0 	0 	2.0450 	1.7366 	2.3533 	1.0000
27 	0 	0 	46 	1 	0 	0 	0 	0 	0 	0 	0 	0 	0 	0 	0 	0 	0 	0 	0 	0 	2.4320 	2.1077 	2.7563 	1.0000
28 	0 	0 	0 	0 	0 	0 	0 	0 	0 	0 	0 	0 	0 	0 	0 	11 	36 	0 	0 	0 	1.9290 	1.6364 	2.2216 	1.0000
29 	0 	0 	47 	0 	0 	0 	0 	0 	0 	0 	0 	0 	0 	0 	0 	0 	0 	0 	0 	0 	2.5135 	2.2035 	2.8236 	1.0000
30 	0 	0 	0 	0 	0 	0 	0 	11 	0 	35 	0 	0 	0 	0 	0 	0 	0 	1 	0 	0 	1.6224 	1.3157 	1.9292 	1.0000
31 	0 	0 	0 	0 	0 	0 	0 	0 	0 	47 	0 	0 	0 	0 	0 	0 	0 	0 	0 	0 	2.0450 	1.7366 	2.3533 	1.0000
32 	47 	0 	0 	0 	0 	0 	0 	0 	0 	0 	0 	0 	0 	0 	0 	0 	0 	0 	0 	0 	2.1268 	1.8185 	2.4352 	1.0000
33 	0 	41 	0 	0 	0 	0 	0 	0 	0 	0 	0 	0 	0 	0 	0 	0 	0 	6 	0 	0 	3.0558 	2.7049 	3.4066 	1.0000
34 	0 	0 	0 	0 	47 	0 	0 	0 	0 	0 	0 	0 	0 	0 	0 	0 	0 	0 	0 	0 	2.7877 	2.4748 	3.1006 	1.0000
35 	0 	0 	0 	0 	0 	0 	0 	0 	47 	0 	0 	0 	0 	0 	0 	0 	0 	0 	0 	0 	2.4488 	2.1392 	2.7584 	1.0000
36 	0 	8 	0 	0 	0 	0 	0 	24 	0 	0 	0 	0 	0 	0 	0 	0 	0 	15 	0 	0 	1.7570 	1.4762 	2.0378 	1.0000
37 	0 	0 	0 	0 	0 	0 	0 	1 	0 	0 	0 	0 	0 	0 	0 	0 	38 	8 	0 	0 	1.9502 	1.6325 	2.2679 	1.0000
38 	4 	0 	0 	0 	0 	14 	0 	0 	0 	0 	0 	0 	29 	0 	0 	0 	0 	0 	0 	0 	1.6827 	1.4040 	1.9615 	1.0000
39 	0 	0 	0 	0 	0 	0 	0 	0 	0 	0 	0 	0 	0 	47 	0 	0 	0 	0 	0 	0 	2.7650 	2.4524 	3.0776 	1.0000
40 	8 	0 	2 	7 	0 	0 	0 	0 	0 	0 	0 	0 	27 	1 	0 	2 	0 	0 	0 	0 	1.4022 	1.1043 	1.7002 	1.0000
41 	0 	0 	0 	0 	0 	47 	0 	0 	0 	0 	0 	0 	0 	0 	0 	0 	0 	0 	0 	0 	2.2416 	1.9330 	2.5502 	1.0000
42 	0 	0 	0 	0 	0 	0 	0 	4 	0 	0 	0 	0 	0 	0 	0 	0 	0 	43 	0 	0 	2.0922 	1.7654 	2.4190 	1.0000
43 	0 	0 	24 	0 	0 	0 	0 	0 	0 	0 	0 	0 	23 	0 	0 	0 	0 	0 	0 	0 	1.9240 	1.6682 	2.1798 	1.0000
44 	0 	0 	0 	0 	0 	0 	0 	0 	2 	0 	0 	2 	1 	0 	42 	0 	0 	0 	0 	0 	2.0986 	1.7452 	2.4519 	1.0000
45 	0 	0 	1 	46 	0 	0 	0 	0 	0 	0 	0 	0 	0 	0 	0 	0 	0 	0 	0 	0 	2.2977 	1.9735 	2.6218 	1.0000
46 	0 	0 	0 	47 	0 	0 	0 	0 	0 	0 	0 	0 	0 	0 	0 	0 	0 	0 	0 	0 	2.3741 	2.0649 	2.6832 	1.0000
47 	31 	0 	0 	0 	0 	0 	0 	0 	0 	0 	0 	0 	0 	0 	0 	0 	0 	16 	0 	0 	1.6380 	1.3686 	1.9075 	1.0000
48 	47 	0 	0 	0 	0 	0 	0 	0 	0 	0 	0 	0 	0 	0 	0 	0 	0 	0 	0 	0 	2.1268 	1.8185 	2.4352 	1.0000
49 	46 	0 	0 	0 	0 	1 	0 	0 	0 	0 	0 	0 	0 	0 	0 	0 	0 	0 	0 	0 	2.0518 	1.7296 	2.3740 	1.0000
50 	47 	0 	0 	0 	0 	0 	0 	0 	0 	0 	0 	0 	0 	0 	0 	0 	0 	0 	0 	0 	2.1268 	1.8185 	2.4352 	1.0000
51 	0 	0 	0 	0 	0 	0 	0 	0 	0 	0 	0 	0 	0 	0 	0 	0 	0 	47 	0 	0 	2.3186 	2.0097 	2.6275 	1.0000
52 	47 	0 	0 	0 	0 	0 	0 	0 	0 	0 	0 	0 	0 	0 	0 	0 	0 	0 	0 	0 	2.1268 	1.8185 	2.4352 	1.0000
53 	47 	0 	0 	0 	0 	0 	0 	0 	0 	0 	0 	0 	0 	0 	0 	0 	0 	0 	0 	0 	2.1268 	1.8185 	2.4352 	1.0000
54 	0 	0 	0 	47 	0 	0 	0 	0 	0 	0 	0 	0 	0 	0 	0 	0 	0 	0 	0 	0 	2.3741 	2.0649 	2.6832 	1.0000
55 	0 	0 	0 	0 	0 	0 	0 	0 	0 	0 	0 	0 	0 	0 	0 	47 	0 	0 	0 	0 	2.2792 	1.9705 	2.5880 	1.0000
56 	0 	0 	0 	0 	0 	0 	0 	0 	0 	0 	0 	0 	0 	0 	0 	47 	0 	0 	0 	0 	2.2792 	1.9705 	2.5880 	1.0000
57 	0 	1 	0 	0 	0 	0 	0 	0 	0 	0 	0 	0 	0 	0 	0 	0 	46 	0 	0 	0 	2.3735 	2.0430 	2.7041 	1.0000
58 	0 	0 	0 	0 	0 	47 	0 	0 	0 	0 	0 	0 	0 	0 	0 	0 	0 	0 	0 	0 	2.2416 	1.9330 	2.5502 	1.0000
59 	0 	0 	0 	0 	0 	0 	0 	0 	0 	0 	0 	0 	0 	0 	0 	0 	47 	0 	0 	0 	2.4333 	2.1238 	2.7428 	1.0000
60 	0 	0 	0 	0 	0 	0 	0 	0 	0 	0 	0 	0 	0 	0 	0 	0 	0 	0 	47 	0 	3.7793 	3.4453 	4.1133 	1.0000
61 	0 	0 	0 	0 	0 	0 	0 	0 	0 	0 	0 	0 	0 	0 	0 	15 	32 	0 	0 	0 	1.8418 	1.5682 	2.1154 	1.0000
62 	1 	0 	0 	0 	0 	0 	0 	0 	0 	0 	0 	0 	0 	0 	0 	0 	46 	0 	0 	0 	2.3500 	2.0273 	2.6727 	1.0000
63 	0 	0 	0 	0 	0 	0 	0 	0 	0 	0 	0 	0 	0 	0 	0 	0 	0 	47 	0 	0 	2.3186 	2.0097 	2.6275 	1.0000
64 	0 	0 	0 	0 	0 	0 	0 	0 	0 	0 	0 	0 	0 	0 	0 	0 	0 	0 	47 	0 	3.7793 	3.4453 	4.1133 	1.0000
65 	0 	0 	0 	0 	0 	0 	0 	0 	0 	0 	0 	0 	0 	0 	0 	17 	30 	0 	0 	0 	1.8097 	1.5437 	2.0758 	1.0000
66 	0 	0 	32 	15 	0 	0 	0 	0 	0 	0 	0 	0 	0 	0 	0 	0 	0 	0 	0 	0 	1.9249 	1.6504 	2.1994 	1.0000
67 	0 	0 	0 	0 	0 	0 	0 	0 	0 	47 	0 	0 	0 	0 	0 	0 	0 	0 	0 	0 	2.0450 	1.7366 	2.3533 	1.0000
68 	0 	0 	0 	0 	0 	0 	0 	0 	0 	47 	0 	0 	0 	0 	0 	0 	0 	0 	0 	0 	2.0450 	1.7366 	2.3533 	1.0000
69 	0 	0 	0 	0 	0 	0 	0 	0 	0 	0 	0 	0 	0 	0 	0 	1 	46 	0 	0 	0 	2.3521 	2.0288 	2.6755 	1.0000
70 	0 	0 	47 	0 	0 	0 	0 	0 	0 	0 	0 	0 	0 	0 	0 	0 	0 	0 	0 	0 	2.5135 	2.2035 	2.8236 	1.0000
71 	0 	0 	0 	0 	0 	0 	0 	2 	0 	24 	21 	0 	0 	0 	0 	0 	0 	0 	0 	0 	1.8725 	1.5566 	2.1885 	1.0000
72 	0 	0 	27 	19 	0 	1 	0 	0 	0 	0 	0 	0 	0 	0 	0 	0 	0 	0 	0 	0 	1.7958 	1.5263 	2.0653 	1.0000
73 	0 	0 	0 	0 	14 	0 	0 	0 	0 	0 	0 	0 	0 	0 	0 	0 	0 	0 	0 	33 	2.3774 	2.0913 	2.6635 	1.0000
74 	0 	0 	0 	0 	0 	0 	0 	0 	0 	0 	0 	0 	0 	0 	0 	0 	0 	0 	0 	47 	2.9653 	2.6499 	3.2807 	1.0000
75 	0 	0 	0 	0 	0 	0 	0 	0 	45 	0 	0 	0 	0 	0 	2 	0 	0 	0 	0 	0 	2.3067 	1.9783 	2.6350 	1.0000
76 	0 	0 	0 	0 	0 	47 	0 	0 	0 	0 	0 	0 	0 	0 	0 	0 	0 	0 	0 	0 	2.2416 	1.9330 	2.5502 	1.0000
77 	0 	0 	0 	0 	0 	0 	0 	0 	0 	0 	0 	0 	0 	0 	47 	0 	0 	0 	0 	0 	2.4488 	2.1392 	2.7584 	1.0000
78 	42 	5 	0 	0 	0 	0 	0 	0 	0 	0 	0 	0 	0 	0 	0 	0 	0 	0 	0 	0 	1.9834 	1.6338 	2.3329 	1.0000
79 	0 	0 	0 	0 	0 	0 	0 	0 	0 	0 	0 	0 	0 	0 	0 	0 	0 	0 	0 	47 	2.9653 	2.6499 	3.2807 	1.0000
80 	2 	0 	0 	0 	0 	1 	1 	0 	2 	0 	2 	0 	0 	0 	38 	1 	0 	0 	0 	0 	1.8268 	1.4496 	2.2040 	1.0000
81 	0 	0 	0 	0 	0 	0 	0 	47 	0 	0 	0 	0 	0 	0 	0 	0 	0 	0 	0 	0 	2.5305 	2.2203 	2.8407 	1.0000
82 	0 	0 	0 	47 	0 	0 	0 	0 	0 	0 	0 	0 	0 	0 	0 	0 	0 	0 	0 	0 	2.3741 	2.0649 	2.6832 	1.0000
83 	1 	0 	44 	1 	0 	0 	0 	0 	0 	0 	0 	0 	1 	0 	0 	0 	0 	0 	0 	0 	2.2694 	1.9219 	2.6168 	1.0000
84 	0 	0 	0 	0 	0 	0 	0 	0 	0 	0 	0 	0 	0 	0 	0 	0 	0 	47 	0 	0 	2.3186 	2.0097 	2.6275 	1.0000
85 	0 	0 	0 	0 	0 	0 	0 	0 	0 	0 	0 	0 	47 	0 	0 	0 	0 	0 	0 	0 	2.5478 	2.2375 	2.8582 	1.0000
86 	0 	0 	0 	0 	0 	46 	0 	0 	0 	0 	0 	0 	0 	0 	0 	0 	1 	0 	0 	0 	2.1669 	1.8435 	2.4902 	1.0000
87 	0 	0 	45 	0 	0 	0 	0 	0 	0 	0 	0 	2 	0 	0 	0 	0 	0 	0 	0 	0 	2.3767 	2.0465 	2.7068 	1.0000
88 	0 	0 	26 	0 	0 	0 	0 	0 	11 	0 	0 	1 	6 	0 	1 	2 	0 	0 	0 	0 	1.4701 	1.1804 	1.7597 	1.0000
89 	3 	0 	3 	20 	0 	0 	0 	0 	0 	0 	0 	1 	0 	0 	0 	5 	15 	0 	0 	0 	1.2148 	0.9530 	1.4766 	1.0000
90 	17 	14 	0 	0 	0 	0 	0 	0 	0 	0 	0 	0 	0 	0 	1 	15 	0 	0 	0 	0 	1.5957 	1.3029 	1.8884 	1.0000
91 	0 	0 	0 	0 	47 	0 	0 	0 	0 	0 	0 	0 	0 	0 	0 	0 	0 	0 	0 	0 	2.7877 	2.4748 	3.1006 	1.0000
92 	0 	0 	0 	0 	2 	0 	0 	0 	0 	0 	0 	0 	0 	0 	0 	0 	0 	0 	0 	45 	2.8128 	2.4774 	3.1481 	1.0000
93 	41 	0 	0 	0 	0 	0 	0 	0 	0 	0 	0 	0 	0 	0 	0 	0 	6 	0 	0 	0 	1.8422 	1.5229 	2.1615 	1.0000
94 	0 	0 	0 	0 	47 	0 	0 	0 	0 	0 	0 	0 	0 	0 	0 	0 	0 	0 	0 	0 	2.7877 	2.4748 	3.1006 	1.0000
95 	0 	0 	0 	0 	0 	0 	0 	32 	0 	0 	0 	0 	0 	0 	0 	0 	0 	15 	0 	0 	1.9194 	1.6444 	2.1944 	1.0000
96 	47 	0 	0 	0 	0 	0 	0 	0 	0 	0 	0 	0 	0 	0 	0 	0 	0 	0 	0 	0 	2.1268 	1.8185 	2.4352 	1.0000
97 	0 	0 	0 	0 	0 	0 	0 	0 	0 	0 	0 	0 	0 	0 	0 	0 	0 	0 	0 	47 	2.9653 	2.6499 	3.2807 	1.0000
98 	0 	0 	0 	0 	0 	0 	0 	0 	0 	0 	0 	0 	47 	0 	0 	0 	0 	0 	0 	0 	2.5478 	2.2375 	2.8582 	1.0000
99 	0 	0 	0 	0 	0 	0 	0 	38 	0 	9 	0 	0 	0 	0 	0 	0 	0 	0 	0 	0 	2.0229 	1.7168 	2.3290 	1.0000
100 	0 	0 	47 	0 	0 	0 	0 	0 	0 	0 	0 	0 	0 	0 	0 	0 	0 	0 	0 	0 	2.5135 	2.2035 	2.8236 	1.0000
101 	0 	0 	0 	0 	0 	0 	0 	0 	0 	47 	0 	0 	0 	0 	0 	0 	0 	0 	0 	0 	2.0450 	1.7366 	2.3533 	1.0000
102 	0 	0 	0 	0 	47 	0 	0 	0 	0 	0 	0 	0 	0 	0 	0 	0 	0 	0 	0 	0 	2.7877 	2.4748 	3.1006 	1.0000
103 	0 	0 	0 	47 	0 	0 	0 	0 	0 	0 	0 	0 	0 	0 	0 	0 	0 	0 	0 	0 	2.3741 	2.0649 	2.6832 	1.0000
104 	0 	0 	0 	47 	0 	0 	0 	0 	0 	0 	0 	0 	0 	0 	0 	0 	0 	0 	0 	0 	2.3741 	2.0649 	2.6832 	1.0000
105 	0 	0 	0 	0 	0 	46 	0 	0 	0 	0 	0 	0 	0 	0 	0 	1 	0 	0 	0 	0 	2.1646 	1.8421 	2.4871 	1.0000
106 	0 	0 	0 	0 	0 	0 	0 	0 	0 	0 	0 	0 	0 	0 	0 	47 	0 	0 	0 	0 	2.2792 	1.9705 	2.5880 	1.0000
107 	0 	0 	0 	0 	0 	0 	0 	11 	0 	0 	1 	0 	0 	0 	0 	0 	0 	35 	0 	0 	1.8394 	1.5320 	2.1468 	1.0000
108 	0 	0 	0 	0 	0 	0 	0 	0 	0 	0 	0 	0 	0 	0 	0 	0 	5 	42 	0 	0 	2.0448 	1.7223 	2.3674 	1.0000
109 	0 	0 	0 	0 	0 	0 	0 	0 	0 	0 	0 	47 	0 	0 	0 	0 	0 	0 	0 	0 	2.6797 	2.3681 	2.9913 	1.0000
110 	0 	0 	0 	0 	0 	0 	0 	0 	0 	0 	0 	0 	0 	0 	0 	0 	0 	47 	0 	0 	2.3186 	2.0097 	2.6275 	1.0000
111 	0 	0 	0 	0 	23 	0 	0 	0 	0 	24 	0 	0 	0 	0 	0 	0 	0 	0 	0 	0 	1.8054 	1.5295 	2.0814 	1.0000
112 	0 	0 	0 	0 	0 	0 	0 	0 	0 	0 	0 	0 	0 	0 	0 	0 	47 	0 	0 	0 	2.4333 	2.1238 	2.7428 	1.0000
113 	0 	0 	0 	0 	0 	0 	0 	0 	0 	0 	0 	0 	0 	0 	0 	47 	0 	0 	0 	0 	2.2792 	1.9705 	2.5880 	1.0000
114 	0 	0 	0 	0 	0 	0 	0 	0 	0 	47 	0 	0 	0 	0 	0 	0 	0 	0 	0 	0 	2.0450 	1.7366 	2.3533 	1.0000
115 	0 	0 	0 	0 	0 	0 	0 	0 	0 	0 	0 	0 	0 	0 	0 	0 	0 	47 	0 	0 	2.3186 	2.0097 	2.6275 	1.0000
116 	0 	0 	0 	0 	0 	47 	0 	0 	0 	0 	0 	0 	0 	0 	0 	0 	0 	0 	0 	0 	2.2416 	1.9330 	2.5502 	1.0000
117 	0 	0 	0 	0 	0 	0 	0 	0 	0 	0 	0 	47 	0 	0 	0 	0 	0 	0 	0 	0 	2.6797 	2.3681 	2.9913 	1.0000
118 	0 	0 	0 	0 	0 	0 	0 	0 	0 	0 	0 	0 	0 	0 	0 	0 	0 	47 	0 	0 	2.3186 	2.0097 	2.6275 	1.0000
119 	0 	0 	0 	0 	47 	0 	0 	0 	0 	0 	0 	0 	0 	0 	0 	0 	0 	0 	0 	0 	2.7877 	2.4748 	3.1006 	1.0000
120 	0 	0 	0 	0 	0 	47 	0 	0 	0 	0 	0 	0 	0 	0 	0 	0 	0 	0 	0 	0 	2.2416 	1.9330 	2.5502 	1.0000
121 	0 	0 	0 	0 	47 	0 	0 	0 	0 	0 	0 	0 	0 	0 	0 	0 	0 	0 	0 	0 	2.7877 	2.4748 	3.1006 	1.0000
122 	0 	0 	0 	0 	0 	0 	0 	0 	47 	0 	0 	0 	0 	0 	0 	0 	0 	0 	0 	0 	2.4488 	2.1392 	2.7584 	1.0000
123 	47 	0 	0 	0 	0 	0 	0 	0 	0 	0 	0 	0 	0 	0 	0 	0 	0 	0 	0 	0 	2.1268 	1.8185 	2.4352 	1.0000
124 	0 	0 	0 	0 	0 	0 	0 	12 	0 	16 	0 	0 	0 	0 	0 	0 	0 	19 	0 	0 	1.3512 	1.1185 	1.5838 	1.0000
125 	0 	0 	0 	0 	0 	0 	0 	0 	4 	0 	0 	0 	0 	2 	41 	0 	0 	0 	0 	0 	2.0774 	1.7374 	2.4175 	1.0000
126 	23 	0 	0 	0 	0 	2 	15 	0 	0 	0 	0 	0 	0 	0 	0 	7 	0 	0 	0 	0 	1.5666 	1.2666 	1.8667 	1.0000
127 	0 	0 	0 	0 	0 	0 	0 	0 	0 	47 	0 	0 	0 	0 	0 	0 	0 	0 	0 	0 	2.0450 	1.7366 	2.3533 	1.0000
128 	0 	0 	0 	0 	0 	0 	0 	0 	0 	0 	0 	0 	0 	0 	47 	0 	0 	0 	0 	0 	2.4488 	2.1392 	2.7584 	1.0000
129 	0 	0 	0 	0 	0 	0 	0 	0 	0 	47 	0 	0 	0 	0 	0 	0 	0 	0 	0 	0 	2.0450 	1.7366 	2.3533 	1.0000
130 	0 	0 	0 	47 	0 	0 	0 	0 	0 	0 	0 	0 	0 	0 	0 	0 	0 	0 	0 	0 	2.3741 	2.0649 	2.6832 	1.0000
131 	0 	0 	47 	0 	0 	0 	0 	0 	0 	0 	0 	0 	0 	0 	0 	0 	0 	0 	0 	0 	2.5135 	2.2035 	2.8236 	1.0000
132 	0 	0 	0 	0 	0 	0 	0 	22 	0 	3 	0 	0 	0 	0 	0 	0 	0 	22 	0 	0 	1.6447 	1.3808 	1.9085 	1.0000
133 	0 	0 	0 	0 	0 	0 	0 	0 	0 	0 	0 	0 	0 	0 	47 	0 	0 	0 	0 	0 	2.4488 	2.1392 	2.7584 	1.0000
134 	0 	0 	0 	0 	47 	0 	0 	0 	0 	0 	0 	0 	0 	0 	0 	0 	0 	0 	0 	0 	2.7877 	2.4748 	3.1006 	1.0000
135 	0 	0 	0 	0 	0 	0 	0 	0 	0 	0 	0 	0 	47 	0 	0 	0 	0 	0 	0 	0 	2.5478 	2.2375 	2.8582 	1.0000
136 	0 	0 	0 	0 	0 	0 	0 	28 	0 	14 	3 	0 	0 	0 	0 	0 	0 	2 	0 	0 	1.5938 	1.2934 	1.8942 	1.0000
137 	44 	0 	0 	0 	0 	0 	3 	0 	0 	0 	0 	0 	0 	0 	0 	0 	0 	0 	0 	0 	2.0003 	1.6590 	2.3417 	1.0000
138 	0 	0 	0 	0 	8 	0 	0 	0 	0 	0 	0 	0 	0 	0 	0 	0 	0 	0 	0 	39 	2.5385 	2.2222 	2.8548 	1.0000
139 	0 	0 	0 	0 	0 	0 	0 	15 	0 	0 	0 	0 	0 	0 	0 	0 	0 	32 	0 	0 	1.8416 	1.5662 	2.1170 	1.0000
140 	0 	0 	0 	0 	0 	0 	0 	0 	45 	0 	1 	1 	0 	0 	0 	0 	0 	0 	0 	0 	2.3079 	1.9659 	2.6499 	1.0000
141 	0 	0 	0 	0 	0 	0 	0 	0 	0 	0 	0 	0 	0 	0 	0 	0 	47 	0 	0 	0 	2.4333 	2.1238 	2.7428 	1.0000
142 	0 	47 	0 	0 	0 	0 	0 	0 	0 	0 	0 	0 	0 	0 	0 	0 	0 	0 	0 	0 	3.5362 	3.2089 	3.8635 	1.0000
143 	0 	0 	0 	0 	0 	23 	0 	0 	0 	1 	10 	10 	1 	0 	0 	1 	0 	0 	0 	1 	1.4474 	1.1473 	1.7476 	1.0000
144 	0 	0 	0 	0 	0 	47 	0 	0 	0 	0 	0 	0 	0 	0 	0 	0 	0 	0 	0 	0 	2.2416 	1.9330 	2.5502 	1.0000
145 	0 	0 	0 	0 	0 	0 	0 	0 	0 	0 	0 	0 	47 	0 	0 	0 	0 	0 	0 	0 	2.5478 	2.2375 	2.8582 	1.0000
146 	0 	0 	0 	0 	0 	0 	0 	0 	0 	0 	0 	0 	46 	0 	0 	1 	0 	0 	0 	0 	2.4642 	2.1399 	2.7884 	1.0000
147 	7 	0 	0 	0 	2 	1 	14 	0 	0 	1 	0 	11 	0 	0 	0 	11 	0 	0 	0 	0 	1.3122 	1.0521 	1.5723 	1.0000
148 	0 	0 	0 	0 	0 	47 	0 	0 	0 	0 	0 	0 	0 	0 	0 	0 	0 	0 	0 	0 	2.2416 	1.9330 	2.5502 	1.0000
149 	0 	0 	0 	0 	0 	0 	0 	47 	0 	0 	0 	0 	0 	0 	0 	0 	0 	0 	0 	0 	2.5305 	2.2203 	2.8407 	1.0000
150 	1 	1 	0 	0 	0 	0 	0 	0 	0 	0 	0 	1 	0 	42 	0 	0 	0 	2 	0 	0 	2.3691 	2.0032 	2.7349 	1.0000
151 	0 	0 	0 	0 	0 	0 	0 	0 	0 	1 	0 	0 	0 	0 	0 	0 	0 	46 	0 	0 	2.2367 	1.9151 	2.5584 	1.0000
152 	0 	0 	0 	47 	0 	0 	0 	0 	0 	0 	0 	0 	0 	0 	0 	0 	0 	0 	0 	0 	2.3741 	2.0649 	2.6832 	1.0000
153 	0 	0 	0 	0 	0 	0 	0 	0 	0 	0 	0 	0 	0 	0 	47 	0 	0 	0 	0 	0 	2.4488 	2.1392 	2.7584 	1.0000
154 	0 	0 	47 	0 	0 	0 	0 	0 	0 	0 	0 	0 	0 	0 	0 	0 	0 	0 	0 	0 	2.5135 	2.2035 	2.8236 	1.0000
155 	0 	0 	0 	0 	0 	0 	0 	1 	26 	2 	1 	0 	0 	0 	14 	0 	0 	3 	0 	0 	1.4778 	1.1804 	1.7752 	1.0000
156 	0 	0 	0 	0 	0 	0 	0 	2 	0 	24 	21 	0 	0 	0 	0 	0 	0 	0 	0 	0 	1.8725 	1.5566 	2.1885 	1.0000
157 	0 	0 	2 	0 	0 	0 	0 	0 	0 	0 	0 	43 	0 	0 	0 	2 	0 	0 	0 	0 	2.3737 	2.0296 	2.7179 	1.0000
158 	0 	0 	0 	0 	0 	0 	0 	0 	47 	0 	0 	0 	0 	0 	0 	0 	0 	0 	0 	0 	2.4488 	2.1392 	2.7584 	1.0000
159 	0 	0 	0 	0 	0 	0 	0 	0 	0 	0 	0 	0 	0 	0 	0 	0 	0 	0 	0 	47 	2.9653 	2.6499 	3.2807 	1.0000
160 	1 	0 	0 	0 	0 	46 	0 	0 	0 	0 	0 	0 	0 	0 	0 	0 	0 	0 	0 	0 	2.1625 	1.8407 	2.4842 	1.0000
161 	0 	0 	0 	0 	0 	0 	0 	0 	0 	0 	0 	0 	0 	0 	47 	0 	0 	0 	0 	0 	2.4488 	2.1392 	2.7584 	1.0000
162 	2 	0 	0 	0 	0 	0 	0 	0 	0 	0 	0 	0 	45 	0 	0 	0 	0 	0 	0 	0 	2.3909 	2.0631 	2.7187 	1.0000
163 	0 	0 	0 	0 	0 	0 	0 	0 	0 	31 	16 	0 	0 	0 	0 	0 	0 	0 	0 	0 	1.8853 	1.5694 	2.2013 	1.0000
164 	0 	0 	0 	0 	0 	0 	0 	0 	0 	47 	0 	0 	0 	0 	0 	0 	0 	0 	0 	0 	2.0450 	1.7366 	2.3533 	1.0000
165 	0 	0 	0 	0 	0 	47 	0 	0 	0 	0 	0 	0 	0 	0 	0 	0 	0 	0 	0 	0 	2.2416 	1.9330 	2.5502 	1.0000
166 	9 	37 	0 	0 	0 	1 	0 	0 	0 	0 	0 	0 	0 	0 	0 	0 	0 	0 	0 	0 	2.7467 	2.3871 	3.1062 	1.0000
167 	0 	0 	0 	0 	0 	0 	0 	0 	0 	0 	0 	0 	0 	0 	0 	0 	47 	0 	0 	0 	2.4333 	2.1238 	2.7428 	1.0000
168 	0 	0 	0 	0 	0 	0 	0 	46 	0 	1 	0 	0 	0 	0 	0 	0 	0 	0 	0 	0 	2.4440 	2.1208 	2.7673 	1.0000
169 	0 	0 	0 	0 	0 	0 	0 	0 	47 	0 	0 	0 	0 	0 	0 	0 	0 	0 	0 	0 	2.4488 	2.1392 	2.7584 	1.0000
170 	0 	0 	0 	0 	0 	0 	0 	0 	0 	0 	0 	0 	47 	0 	0 	0 	0 	0 	0 	0 	2.5478 	2.2375 	2.8582 	1.0000
171 	0 	0 	0 	0 	0 	0 	0 	0 	47 	0 	0 	0 	0 	0 	0 	0 	0 	0 	0 	0 	2.4488 	2.1392 	2.7584 	1.0000
172 	0 	0 	0 	0 	0 	0 	0 	0 	0 	47 	0 	0 	0 	0 	0 	0 	0 	0 	0 	0 	2.0450 	1.7366 	2.3533 	1.0000
173 	0 	0 	0 	0 	0 	47 	0 	0 	0 	0 	0 	0 	0 	0 	0 	0 	0 	0 	0 	0 	2.2416 	1.9330 	2.5502 	1.0000
174 	0 	0 	0 	0 	0 	0 	0 	0 	0 	47 	0 	0 	0 	0 	0 	0 	0 	0 	0 	0 	2.0450 	1.7366 	2.3533 	1.0000
175 	0 	0 	0 	0 	0 	0 	0 	0 	0 	0 	0 	0 	0 	0 	0 	47 	0 	0 	0 	0 	2.2792 	1.9705 	2.5880 	1.0000
176 	39 	0 	0 	0 	0 	8 	0 	0 	0 	0 	0 	0 	0 	0 	0 	0 	0 	0 	0 	0 	1.7589 	1.4518 	2.0661 	1.0000
177 	0 	0 	0 	0 	0 	0 	0 	0 	47 	0 	0 	0 	0 	0 	0 	0 	0 	0 	0 	0 	2.4488 	2.1392 	2.7584 	1.0000
178 	0 	0 	0 	0 	0 	0 	0 	0 	0 	0 	0 	47 	0 	0 	0 	0 	0 	0 	0 	0 	2.6797 	2.3681 	2.9913 	1.0000
179 	0 	0 	0 	0 	0 	0 	0 	0 	0 	0 	0 	0 	0 	0 	0 	0 	0 	0 	0 	47 	2.9653 	2.6499 	3.2807 	1.0000
180 	0 	0 	0 	0 	0 	47 	0 	0 	0 	0 	0 	0 	0 	0 	0 	0 	0 	0 	0 	0 	2.2416 	1.9330 	2.5502 	1.0000
181 	0 	0 	0 	0 	0 	0 	0 	0 	0 	0 	0 	0 	0 	0 	47 	0 	0 	0 	0 	0 	2.4488 	2.1392 	2.7584 	1.0000
182 	42 	0 	0 	0 	0 	0 	0 	0 	0 	0 	0 	0 	0 	0 	0 	0 	0 	5 	0 	0 	1.8632 	1.5414 	2.1850 	1.0000
183 	0 	1 	0 	0 	0 	0 	0 	0 	0 	0 	0 	0 	0 	0 	0 	0 	0 	46 	0 	0 	2.2613 	1.9306 	2.5920 	1.0000
184 	0 	0 	0 	0 	0 	0 	0 	0 	0 	0 	0 	0 	0 	0 	0 	0 	0 	0 	0 	47 	2.9653 	2.6499 	3.2807 	1.0000
185 	0 	0 	0 	47 	0 	0 	0 	0 	0 	0 	0 	0 	0 	0 	0 	0 	0 	0 	0 	0 	2.3741 	2.0649 	2.6832 	1.0000
186 	5 	40 	0 	0 	0 	0 	0 	0 	0 	0 	0 	0 	0 	0 	0 	1 	0 	1 	0 	0 	2.8983 	2.5223 	3.2742 	1.0000
187 	0 	0 	0 	0 	0 	0 	0 	0 	0 	47 	0 	0 	0 	0 	0 	0 	0 	0 	0 	0 	2.0450 	1.7366 	2.3533 	1.0000
188 	0 	0 	0 	0 	0 	0 	0 	0 	0 	0 	0 	0 	0 	0 	47 	0 	0 	0 	0 	0 	2.4488 	2.1392 	2.7584 	1.0000
189 	0 	0 	0 	0 	0 	47 	0 	0 	0 	0 	0 	0 	0 	0 	0 	0 	0 	0 	0 	0 	2.2416 	1.9330 	2.5502 	1.0000
190 	0 	0 	0 	0 	0 	46 	0 	0 	0 	0 	0 	0 	0 	0 	0 	1 	0 	0 	0 	0 	2.1646 	1.8421 	2.4871 	1.0000
191 	0 	0 	0 	0 	0 	0 	0 	0 	0 	47 	0 	0 	0 	0 	0 	0 	0 	0 	0 	0 	2.0450 	1.7366 	2.3533 	1.0000
192 	0 	0 	47 	0 	0 	0 	0 	0 	0 	0 	0 	0 	0 	0 	0 	0 	0 	0 	0 	0 	2.5135 	2.2035 	2.8236 	1.0000
193 	0 	0 	0 	0 	35 	0 	0 	0 	0 	11 	1 	0 	0 	0 	0 	0 	0 	0 	0 	0 	2.0799 	1.7625 	2.3974 	1.0000
194 	0 	0 	0 	0 	0 	0 	0 	0 	0 	0 	0 	0 	0 	0 	0 	0 	47 	0 	0 	0 	2.4333 	2.1238 	2.7428 	1.0000
195 	0 	0 	0 	0 	0 	0 	0 	0 	47 	0 	0 	0 	0 	0 	0 	0 	0 	0 	0 	0 	2.4488 	2.1392 	2.7584 	1.0000
196 	0 	0 	47 	0 	0 	0 	0 	0 	0 	0 	0 	0 	0 	0 	0 	0 	0 	0 	0 	0 	2.5135 	2.2035 	2.8236 	1.0000
197 	0 	0 	47 	0 	0 	0 	0 	0 	0 	0 	0 	0 	0 	0 	0 	0 	0 	0 	0 	0 	2.5135 	2.2035 	2.8236 	1.0000
198 	0 	0 	0 	47 	0 	0 	0 	0 	0 	0 	0 	0 	0 	0 	0 	0 	0 	0 	0 	0 	2.3741 	2.0649 	2.6832 	1.0000
199 	0 	0 	0 	0 	0 	0 	0 	0 	0 	0 	0 	47 	0 	0 	0 	0 	0 	0 	0 	0 	2.6797 	2.3681 	2.9913 	1.0000
200 	0 	0 	0 	0 	0 	0 	0 	20 	0 	0 	0 	0 	0 	0 	0 	0 	0 	27 	0 	0 	1.8141 	1.5544 	2.0739 	1.0000
201 	0 	0 	0 	0 	0 	0 	0 	0 	0 	0 	0 	47 	0 	0 	0 	0 	0 	0 	0 	0 	2.6797 	2.3681 	2.9913 	1.0000
202 	0 	0 	0 	0 	0 	0 	0 	0 	0 	0 	0 	0 	0 	0 	0 	47 	0 	0 	0 	0 	2.2792 	1.9705 	2.5880 	1.0000
203 	0 	0 	0 	0 	0 	0 	0 	0 	0 	0 	0 	0 	0 	47 	0 	0 	0 	0 	0 	0 	2.7650 	2.4524 	3.0776 	1.0000
204 	0 	0 	0 	0 	0 	0 	0 	0 	0 	0 	0 	0 	47 	0 	0 	0 	0 	0 	0 	0 	2.5478 	2.2375 	2.8582 	1.0000
205 	0 	0 	0 	0 	47 	0 	0 	0 	0 	0 	0 	0 	0 	0 	0 	0 	0 	0 	0 	0 	2.7877 	2.4748 	3.1006 	1.0000
206 	0 	0 	0 	0 	0 	0 	0 	0 	0 	0 	41 	0 	0 	6 	0 	0 	0 	0 	0 	0 	2.8362 	2.5042 	3.1682 	1.0000
207 	0 	0 	0 	0 	0 	0 	0 	0 	0 	0 	0 	0 	0 	0 	47 	0 	0 	0 	0 	0 	2.4488 	2.1392 	2.7584 	1.0000
208 	0 	0 	0 	0 	0 	0 	0 	0 	0 	0 	0 	0 	0 	0 	0 	0 	0 	0 	47 	0 	3.7793 	3.4453 	4.1133 	1.0000
209 	0 	0 	0 	0 	0 	0 	0 	0 	2 	0 	0 	0 	0 	15 	30 	0 	0 	0 	0 	0 	1.8750 	1.5878 	2.1622 	1.0000
210 	0 	0 	27 	1 	0 	0 	2 	0 	0 	0 	0 	10 	0 	7 	0 	0 	0 	0 	0 	0 	1.6415 	1.3468 	1.9363 	1.0000
211 	0 	0 	0 	0 	0 	0 	0 	0 	0 	0 	0 	0 	0 	0 	47 	0 	0 	0 	0 	0 	2.4488 	2.1392 	2.7584 	1.0000
212 	0 	0 	0 	0 	47 	0 	0 	0 	0 	0 	0 	0 	0 	0 	0 	0 	0 	0 	0 	0 	2.7877 	2.4748 	3.1006 	1.0000
213 	1 	0 	9 	24 	0 	0 	0 	0 	0 	13 	0 	0 	0 	0 	0 	0 	0 	0 	0 	0 	1.3775 	1.1196 	1.6355 	1.0000
214 	0 	0 	0 	0 	47 	0 	0 	0 	0 	0 	0 	0 	0 	0 	0 	0 	0 	0 	0 	0 	2.7877 	2.4748 	3.1006 	1.0000
215 	0 	0 	0 	0 	0 	0 	0 	0 	0 	0 	0 	0 	0 	0 	0 	0 	0 	47 	0 	0 	2.3186 	2.0097 	2.6275 	1.0000
216 	23 	0 	0 	0 	0 	3 	2 	0 	0 	0 	8 	0 	0 	11 	0 	0 	0 	0 	0 	0 	1.4128 	1.1157 	1.7099 	1.0000
217 	1 	0 	11 	35 	0 	0 	0 	0 	0 	0 	0 	0 	0 	0 	0 	0 	0 	0 	0 	0 	1.8589 	1.5577 	2.1600 	1.0000
218 	47 	0 	0 	0 	0 	0 	0 	0 	0 	0 	0 	0 	0 	0 	0 	0 	0 	0 	0 	0 	2.1268 	1.8185 	2.4352 	1.0000
219 	0 	0 	0 	0 	0 	0 	0 	21 	0 	0 	0 	0 	0 	0 	0 	0 	9 	17 	0 	0 	1.5349 	1.2950 	1.7748 	1.0000
220 	2 	0 	3 	6 	0 	0 	7 	0 	3 	12 	1 	1 	0 	8 	2 	2 	0 	0 	0 	0 	0.7843 	0.5407 	1.0280 	1.0000
221 	4 	0 	0 	0 	0 	0 	0 	0 	26 	2 	0 	4 	0 	1 	0 	3 	7 	0 	0 	0 	1.2469 	0.9476 	1.5461 	1.0000
222 	40 	0 	0 	0 	0 	0 	0 	0 	0 	0 	0 	0 	0 	0 	0 	7 	0 	0 	0 	0 	1.7931 	1.4805 	2.1057 	1.0000
223 	0 	0 	0 	29 	0 	0 	0 	0 	0 	0 	0 	0 	0 	15 	0 	0 	3 	0 	0 	0 	1.7825 	1.4979 	2.0671 	1.0000
224 	27 	0 	1 	1 	0 	0 	0 	0 	0 	0 	0 	0 	0 	15 	2 	0 	1 	0 	0 	0 	1.4841 	1.1731 	1.7952 	1.0000
225 	0 	0 	1 	38 	0 	0 	0 	0 	2 	0 	0 	0 	0 	6 	0 	0 	0 	0 	0 	0 	1.8898 	1.5499 	2.2297 	1.0000
226 	0 	0 	0 	0 	0 	0 	0 	0 	0 	0 	0 	0 	0 	0 	0 	0 	47 	0 	0 	0 	2.4333 	2.1238 	2.7428 	1.0000
227 	0 	0 	0 	0 	0 	47 	0 	0 	0 	0 	0 	0 	0 	0 	0 	0 	0 	0 	0 	0 	2.2416 	1.9330 	2.5502 	1.0000
228 	0 	0 	0 	47 	0 	0 	0 	0 	0 	0 	0 	0 	0 	0 	0 	0 	0 	0 	0 	0 	2.3741 	2.0649 	2.6832 	1.0000
229 	0 	0 	0 	0 	0 	0 	0 	0 	2 	0 	0 	0 	0 	0 	41 	0 	3 	1 	0 	0 	2.0335 	1.6843 	2.3827 	1.0000
230 	0 	0 	0 	0 	0 	0 	0 	0 	47 	0 	0 	0 	0 	0 	0 	0 	0 	0 	0 	0 	2.4488 	2.1392 	2.7584 	1.0000
231 	0 	0 	0 	0 	0 	47 	0 	0 	0 	0 	0 	0 	0 	0 	0 	0 	0 	0 	0 	0 	2.2416 	1.9330 	2.5502 	1.0000
232 	0 	0 	0 	0 	0 	0 	47 	0 	0 	0 	0 	0 	0 	0 	0 	0 	0 	0 	0 	0 	3.3030 	2.9813 	3.6248 	1.0000
233 	0 	0 	0 	0 	0 	0 	0 	0 	0 	0 	0 	0 	0 	0 	0 	0 	0 	0 	0 	47 	2.9653 	2.6499 	3.2807 	1.0000
234 	0 	0 	0 	0 	0 	0 	0 	0 	0 	47 	0 	0 	0 	0 	0 	0 	0 	0 	0 	0 	2.0450 	1.7366 	2.3533 	1.0000
235 	0 	0 	0 	0 	0 	0 	0 	0 	0 	0 	0 	47 	0 	0 	0 	0 	0 	0 	0 	0 	2.6797 	2.3681 	2.9913 	1.0000
236 	0 	3 	0 	0 	0 	0 	0 	0 	0 	0 	0 	0 	0 	0 	0 	0 	0 	44 	0 	0 	2.1935 	1.8504 	2.5367 	1.0000
237 	0 	0 	0 	0 	0 	0 	0 	0 	0 	0 	0 	0 	0 	0 	0 	0 	47 	0 	0 	0 	2.4333 	2.1238 	2.7428 	1.0000
238 	47 	0 	0 	0 	0 	0 	0 	0 	0 	0 	0 	0 	0 	0 	0 	0 	0 	0 	0 	0 	2.1268 	1.8185 	2.4352 	1.0000
239 	9 	0 	0 	0 	0 	2 	0 	0 	0 	0 	0 	3 	33 	0 	0 	0 	0 	0 	0 	0 	1.7323 	1.4161 	2.0484 	1.0000
240 	0 	0 	8 	0 	0 	0 	0 	0 	0 	0 	0 	0 	0 	0 	0 	8 	31 	0 	0 	0 	1.6711 	1.3856 	1.9566 	1.0000
241 	0 	1 	0 	0 	0 	0 	0 	0 	0 	0 	0 	0 	43 	0 	0 	1 	0 	2 	0 	0 	2.2533 	1.8983 	2.6083 	1.0000
242 	0 	0 	2 	45 	0 	0 	0 	0 	0 	0 	0 	0 	0 	0 	0 	0 	0 	0 	0 	0 	2.2374 	1.9089 	2.5659 	1.0000
243 	0 	0 	5 	33 	0 	0 	0 	0 	0 	0 	1 	0 	0 	8 	0 	0 	0 	0 	0 	0 	1.7349 	1.4167 	2.0532 	1.0000
244 	0 	0 	0 	0 	0 	0 	0 	0 	0 	1 	46 	0 	0 	0 	0 	0 	0 	0 	0 	0 	3.1230 	2.7878 	3.4582 	1.0000
245 	0 	0 	0 	0 	1 	0 	0 	2 	0 	2 	1 	0 	0 	0 	0 	0 	0 	0 	0 	41 	2.4700 	2.1004 	2.8395 	1.0000
246 	2 	0 	0 	23 	0 	0 	0 	0 	21 	0 	0 	0 	0 	1 	0 	0 	0 	0 	0 	0 	1.6231 	1.3483 	1.8980 	1.0000
247 	0 	0 	0 	0 	0 	0 	0 	0 	0 	0 	0 	0 	0 	0 	47 	0 	0 	0 	0 	0 	2.4488 	2.1392 	2.7584 	1.0000
248 	47 	0 	0 	0 	0 	0 	0 	0 	0 	0 	0 	0 	0 	0 	0 	0 	0 	0 	0 	0 	2.1268 	1.8185 	2.4352 	1.0000
249 	0 	0 	0 	47 	0 	0 	0 	0 	0 	0 	0 	0 	0 	0 	0 	0 	0 	0 	0 	0 	2.3741 	2.0649 	2.6832 	1.0000
250 	0 	0 	0 	0 	38 	0 	1 	0 	0 	0 	0 	0 	0 	0 	0 	0 	0 	0 	0 	8 	2.3522 	2.0250 	2.6793 	1.0000
251 	47 	0 	0 	0 	0 	0 	0 	0 	0 	0 	0 	0 	0 	0 	0 	0 	0 	0 	0 	0 	2.1268 	1.8185 	2.4352 	1.0000
252 	0 	0 	0 	0 	0 	0 	0 	0 	47 	0 	0 	0 	0 	0 	0 	0 	0 	0 	0 	0 	2.4488 	2.1392 	2.7584 	1.0000
253 	0 	0 	0 	44 	0 	0 	0 	0 	0 	0 	0 	0 	0 	2 	0 	1 	0 	0 	0 	0 	2.1672 	1.8260 	2.5085 	1.0000
254 	0 	1 	0 	0 	0 	0 	0 	17 	0 	25 	0 	0 	0 	0 	0 	0 	0 	4 	0 	0 	1.4318 	1.1447 	1.7189 	1.0000
255 	0 	0 	1 	0 	0 	42 	0 	0 	2 	0 	0 	2 	0 	0 	0 	0 	0 	0 	0 	0 	1.9134 	1.5598 	2.2670 	1.0000
256 	17 	3 	0 	0 	0 	0 	0 	0 	0 	0 	13 	0 	0 	8 	0 	4 	1 	1 	0 	0 	1.3287 	1.0414 	1.6161 	1.0000
257 	0 	0 	0 	0 	0 	0 	0 	0 	0 	0 	0 	0 	47 	0 	0 	0 	0 	0 	0 	0 	2.5478 	2.2375 	2.8582 	1.0000
258 	0 	0 	0 	0 	0 	0 	0 	46 	0 	0 	0 	0 	0 	0 	0 	0 	0 	1 	0 	0 	2.4478 	2.1236 	2.7720 	1.0000
259 	0 	0 	0 	0 	0 	0 	0 	43 	0 	0 	0 	0 	0 	0 	0 	0 	0 	4 	0 	0 	2.2700 	1.9436 	2.5965 	1.0000
260 	0 	0 	0 	0 	0 	0 	0 	0 	0 	0 	47 	0 	0 	0 	0 	0 	0 	0 	0 	0 	3.2245 	2.9044 	3.5446 	1.0000
261 	0 	0 	0 	0 	0 	0 	47 	0 	0 	0 	0 	0 	0 	0 	0 	0 	0 	0 	0 	0 	3.3030 	2.9813 	3.6248 	1.0000
262 	0 	0 	47 	0 	0 	0 	0 	0 	0 	0 	0 	0 	0 	0 	0 	0 	0 	0 	0 	0 	2.5135 	2.2035 	2.8236 	1.0000
263 	0 	0 	0 	0 	27 	0 	0 	0 	0 	0 	0 	0 	0 	0 	0 	0 	0 	0 	0 	20 	2.2617 	1.9958 	2.5275 	1.0000
264 	0 	0 	0 	0 	2 	0 	0 	19 	0 	26 	0 	0 	0 	0 	0 	0 	0 	0 	0 	0 	1.5638 	1.2833 	1.8444 	1.0000
265 	1 	0 	0 	0 	0 	0 	0 	0 	0 	0 	0 	0 	0 	0 	0 	0 	46 	0 	0 	0 	2.3500 	2.0273 	2.6727 	1.0000
266 	7 	0 	0 	0 	0 	40 	0 	0 	0 	0 	0 	0 	0 	0 	0 	0 	0 	0 	0 	0 	1.8699 	1.5586 	2.1813 	1.0000
267 	0 	0 	0 	0 	0 	47 	0 	0 	0 	0 	0 	0 	0 	0 	0 	0 	0 	0 	0 	0 	2.2416 	1.9330 	2.5502 	1.0000
268 	0 	0 	0 	0 	45 	0 	0 	0 	0 	2 	0 	0 	0 	0 	0 	0 	0 	0 	0 	0 	2.6179 	2.2866 	2.9491 	1.0000
269 	0 	19 	0 	0 	0 	0 	0 	0 	0 	0 	0 	0 	0 	0 	0 	0 	28 	0 	0 	0 	2.2837 	1.9746 	2.5929 	1.0000
270 	47 	0 	0 	0 	0 	0 	0 	0 	0 	0 	0 	0 	0 	0 	0 	0 	0 	0 	0 	0 	2.1268 	1.8185 	2.4352 	1.0000
271 	0 	0 	0 	0 	0 	0 	1 	0 	0 	0 	0 	46 	0 	0 	0 	0 	0 	0 	0 	0 	2.6102 	2.2803 	2.9401 	1.0000
272 	1 	0 	0 	0 	0 	0 	0 	0 	0 	0 	0 	0 	0 	0 	0 	1 	45 	0 	0 	0 	2.2693 	1.9344 	2.6041 	1.0000
273 	0 	0 	0 	0 	0 	43 	0 	0 	0 	0 	0 	0 	0 	0 	0 	2 	2 	0 	0 	0 	1.9710 	1.6300 	2.3119 	1.0000
274 	0 	0 	0 	0 	0 	0 	0 	0 	0 	47 	0 	0 	0 	0 	0 	0 	0 	0 	0 	0 	2.0450 	1.7366 	2.3533 	1.0000
275 	45 	0 	0 	0 	0 	0 	0 	0 	0 	0 	0 	0 	0 	0 	0 	2 	0 	0 	0 	0 	1.9931 	1.6666 	2.3196 	1.0000
276 	0 	0 	0 	0 	0 	0 	0 	0 	15 	0 	0 	23 	0 	1 	8 	0 	0 	0 	0 	0 	1.6293 	1.3701 	1.8885 	1.0000
277 	0 	0 	0 	0 	0 	0 	0 	0 	0 	0 	0 	0 	0 	0 	0 	0 	0 	0 	47 	0 	3.7793 	3.4453 	4.1133 	1.0000
278 	0 	47 	0 	0 	0 	0 	0 	0 	0 	0 	0 	0 	0 	0 	0 	0 	0 	0 	0 	0 	3.5362 	3.2089 	3.8635 	1.0000
279 	0 	0 	0 	0 	0 	0 	0 	0 	0 	0 	0 	0 	0 	2 	45 	0 	0 	0 	0 	0 	2.3177 	1.9872 	2.6483 	1.0000
280 	0 	0 	12 	8 	0 	0 	0 	0 	23 	0 	0 	2 	0 	0 	2 	0 	0 	0 	0 	0 	1.3906 	1.1258 	1.6554 	1.0000
281 	0 	0 	0 	0 	0 	0 	0 	0 	0 	0 	0 	46 	0 	0 	0 	1 	0 	0 	0 	0 	2.5932 	2.2676 	2.9188 	1.0000
282 	0 	0 	0 	0 	0 	47 	0 	0 	0 	0 	0 	0 	0 	0 	0 	0 	0 	0 	0 	0 	2.2416 	1.9330 	2.5502 	1.0000
283 	0 	0 	0 	0 	0 	0 	0 	1 	0 	1 	34 	0 	0 	0 	0 	0 	0 	11 	0 	0 	2.3561 	2.0221 	2.6900 	1.0000
284 	0 	0 	0 	0 	0 	0 	0 	0 	0 	47 	0 	0 	0 	0 	0 	0 	0 	0 	0 	0 	2.0450 	1.7366 	2.3533 	1.0000
285 	0 	0 	0 	0 	0 	0 	0 	0 	0 	47 	0 	0 	0 	0 	0 	0 	0 	0 	0 	0 	2.0450 	1.7366 	2.3533 	1.0000
286 	0 	0 	0 	0 	0 	0 	47 	0 	0 	0 	0 	0 	0 	0 	0 	0 	0 	0 	0 	0 	3.3030 	2.9813 	3.6248 	1.0000
287 	0 	0 	0 	0 	0 	0 	0 	45 	0 	0 	0 	0 	0 	0 	0 	0 	0 	2 	0 	0 	2.3805 	2.0522 	2.7088 	1.0000
288 	0 	0 	0 	0 	0 	0 	47 	0 	0 	0 	0 	0 	0 	0 	0 	0 	0 	0 	0 	0 	3.3030 	2.9813 	3.6248 	1.0000
289 	0 	0 	0 	0 	0 	0 	0 	0 	0 	0 	0 	0 	0 	0 	47 	0 	0 	0 	0 	0 	2.4488 	2.1392 	2.7584 	1.0000
290 	47 	0 	0 	0 	0 	0 	0 	0 	0 	0 	0 	0 	0 	0 	0 	0 	0 	0 	0 	0 	2.1268 	1.8185 	2.4352 	1.0000
291 	0 	0 	0 	0 	0 	0 	0 	0 	0 	0 	47 	0 	0 	0 	0 	0 	0 	0 	0 	0 	3.2245 	2.9044 	3.5446 	1.0000
292 	0 	0 	0 	0 	0 	0 	47 	0 	0 	0 	0 	0 	0 	0 	0 	0 	0 	0 	0 	0 	3.3030 	2.9813 	3.6248 	1.0000
293 	47 	0 	0 	0 	0 	0 	0 	0 	0 	0 	0 	0 	0 	0 	0 	0 	0 	0 	0 	0 	2.1268 	1.8185 	2.4352 	1.0000
294 	0 	0 	0 	0 	0 	0 	0 	0 	0 	0 	0 	0 	0 	0 	0 	0 	0 	47 	0 	0 	2.3186 	2.0097 	2.6275 	1.0000
295 	0 	0 	0 	0 	0 	0 	0 	31 	0 	11 	0 	0 	0 	0 	0 	0 	0 	5 	0 	0 	1.6719 	1.3821 	1.9616 	1.0000
296 	0 	0 	47 	0 	0 	0 	0 	0 	0 	0 	0 	0 	0 	0 	0 	0 	0 	0 	0 	0 	2.5135 	2.2035 	2.8236 	1.0000
297 	0 	0 	0 	0 	0 	0 	0 	0 	0 	0 	0 	0 	0 	0 	47 	0 	0 	0 	0 	0 	2.4488 	2.1392 	2.7584 	1.0000
298 	0 	0 	0 	0 	0 	0 	17 	0 	0 	0 	0 	26 	0 	0 	0 	4 	0 	0 	0 	0 	2.0876 	1.7983 	2.3768 	1.0000
299 	0 	0 	0 	0 	0 	0 	0 	0 	0 	0 	0 	0 	47 	0 	0 	0 	0 	0 	0 	0 	2.5478 	2.2375 	2.8582 	1.0000
300 	0 	0 	0 	0 	0 	0 	17 	0 	20 	0 	2 	3 	0 	0 	1 	0 	2 	0 	0 	2 	1.6569 	1.3446 	1.9691 	1.0000
301 	0 	0 	0 	0 	0 	0 	47 	0 	0 	0 	0 	0 	0 	0 	0 	0 	0 	0 	0 	0 	3.3030 	2.9813 	3.6248 	1.0000
302 	0 	0 	0 	0 	0 	47 	0 	0 	0 	0 	0 	0 	0 	0 	0 	0 	0 	0 	0 	0 	2.2416 	1.9330 	2.5502 	1.0000
303 	0 	0 	0 	0 	0 	0 	0 	47 	0 	0 	0 	0 	0 	0 	0 	0 	0 	0 	0 	0 	2.5305 	2.2203 	2.8407 	1.0000
304 	0 	0 	0 	0 	0 	0 	47 	0 	0 	0 	0 	0 	0 	0 	0 	0 	0 	0 	0 	0 	3.3030 	2.9813 	3.6248 	1.0000
305 	0 	0 	0 	0 	47 	0 	0 	0 	0 	0 	0 	0 	0 	0 	0 	0 	0 	0 	0 	0 	2.7877 	2.4748 	3.1006 	1.0000
306 	0 	0 	0 	0 	0 	0 	0 	0 	0 	0 	0 	0 	0 	0 	47 	0 	0 	0 	0 	0 	2.4488 	2.1392 	2.7584 	1.0000
307 	0 	0 	0 	0 	0 	0 	0 	0 	0 	0 	0 	0 	0 	0 	0 	0 	0 	47 	0 	0 	2.3186 	2.0097 	2.6275 	1.0000
308 	0 	0 	0 	0 	0 	0 	0 	0 	0 	47 	0 	0 	0 	0 	0 	0 	0 	0 	0 	0 	2.0450 	1.7366 	2.3533 	1.0000
309 	29 	0 	0 	0 	0 	0 	0 	0 	0 	0 	0 	0 	0 	0 	0 	0 	17 	1 	0 	0 	1.6054 	1.3285 	1.8822 	1.0000
310 	0 	0 	0 	0 	0 	0 	0 	0 	47 	0 	0 	0 	0 	0 	0 	0 	0 	0 	0 	0 	2.4488 	2.1392 	2.7584 	1.0000
311 	9 	23 	0 	0 	0 	0 	0 	12 	0 	0 	0 	0 	0 	0 	0 	0 	0 	3 	0 	0 	1.9154 	1.6060 	2.2249 	1.0000
312 	0 	0 	0 	0 	0 	0 	0 	0 	0 	47 	0 	0 	0 	0 	0 	0 	0 	0 	0 	0 	2.0450 	1.7366 	2.3533 	1.0000
313 	0 	0 	0 	0 	0 	0 	0 	0 	0 	0 	0 	0 	0 	0 	47 	0 	0 	0 	0 	0 	2.4488 	2.1392 	2.7584 	1.0000
314 	0 	0 	0 	0 	0 	0 	0 	0 	0 	47 	0 	0 	0 	0 	0 	0 	0 	0 	0 	0 	2.0450 	1.7366 	2.3533 	1.0000
315 	0 	0 	0 	0 	0 	0 	0 	0 	0 	0 	1 	0 	0 	0 	0 	46 	0 	0 	0 	0 	2.2170 	1.8886 	2.5454 	1.0000
316 	0 	0 	0 	0 	0 	47 	0 	0 	0 	0 	0 	0 	0 	0 	0 	0 	0 	0 	0 	0 	2.2416 	1.9330 	2.5502 	1.0000
317 	0 	0 	0 	0 	0 	47 	0 	0 	0 	0 	0 	0 	0 	0 	0 	0 	0 	0 	0 	0 	2.2416 	1.9330 	2.5502 	1.0000
318 	0 	0 	47 	0 	0 	0 	0 	0 	0 	0 	0 	0 	0 	0 	0 	0 	0 	0 	0 	0 	2.5135 	2.2035 	2.8236 	1.0000
319 	0 	0 	0 	0 	0 	0 	44 	0 	0 	0 	0 	0 	0 	3 	0 	0 	0 	0 	0 	0 	3.0690 	2.7264 	3.4116 	1.0000
320 	0 	0 	0 	0 	0 	0 	0 	1 	0 	45 	1 	0 	0 	0 	0 	0 	0 	0 	0 	0 	1.9194 	1.5765 	2.2622 	1.0000
321 	0 	0 	0 	0 	0 	0 	47 	0 	0 	0 	0 	0 	0 	0 	0 	0 	0 	0 	0 	0 	3.3030 	2.9813 	3.6248 	1.0000
322 	1 	0 	0 	0 	0 	0 	0 	0 	0 	0 	0 	0 	0 	0 	0 	7 	39 	0 	0 	0 	1.9727 	1.6514 	2.2939 	1.0000
323 	0 	0 	0 	0 	0 	47 	0 	0 	0 	0 	0 	0 	0 	0 	0 	0 	0 	0 	0 	0 	2.2416 	1.9330 	2.5502 	1.0000
324 	0 	0 	0 	0 	0 	0 	0 	0 	0 	0 	0 	0 	0 	0 	0 	0 	47 	0 	0 	0 	2.4333 	2.1238 	2.7428 	1.0000
325 	0 	0 	0 	0 	0 	0 	0 	0 	0 	0 	0 	0 	0 	0 	0 	0 	0 	47 	0 	0 	2.3186 	2.0097 	2.6275 	1.0000
326 	0 	0 	0 	0 	0 	0 	0 	0 	0 	0 	0 	0 	0 	0 	0 	0 	0 	47 	0 	0 	2.3186 	2.0097 	2.6275 	1.0000
327 	0 	0 	0 	0 	0 	47 	0 	0 	0 	0 	0 	0 	0 	0 	0 	0 	0 	0 	0 	0 	2.2416 	1.9330 	2.5502 	1.0000
328 	0 	0 	0 	0 	0 	0 	0 	0 	47 	0 	0 	0 	0 	0 	0 	0 	0 	0 	0 	0 	2.4488 	2.1392 	2.7584 	1.0000
329 	0 	0 	0 	0 	0 	0 	0 	0 	0 	47 	0 	0 	0 	0 	0 	0 	0 	0 	0 	0 	2.0450 	1.7366 	2.3533 	1.0000
330 	0 	0 	0 	47 	0 	0 	0 	0 	0 	0 	0 	0 	0 	0 	0 	0 	0 	0 	0 	0 	2.3741 	2.0649 	2.6832 	1.0000
331 	0 	0 	0 	0 	0 	47 	0 	0 	0 	0 	0 	0 	0 	0 	0 	0 	0 	0 	0 	0 	2.2416 	1.9330 	2.5502 	1.0000
332 	0 	0 	47 	0 	0 	0 	0 	0 	0 	0 	0 	0 	0 	0 	0 	0 	0 	0 	0 	0 	2.5135 	2.2035 	2.8236 	1.0000
333 	0 	0 	0 	0 	0 	0 	0 	0 	0 	0 	0 	0 	0 	0 	47 	0 	0 	0 	0 	0 	2.4488 	2.1392 	2.7584 	1.0000
334 	22 	0 	1 	7 	0 	5 	0 	0 	0 	0 	0 	4 	0 	8 	0 	0 	0 	0 	0 	0 	1.1070 	0.8395 	1.3745 	1.0000
335 	19 	0 	0 	0 	0 	0 	0 	0 	0 	0 	0 	0 	1 	0 	0 	23 	4 	0 	0 	0 	1.3862 	1.1170 	1.6555 	1.0000
336 	0 	0 	0 	0 	0 	0 	0 	0 	0 	0 	0 	0 	0 	0 	0 	0 	47 	0 	0 	0 	2.4333 	2.1238 	2.7428 	1.0000
337 	0 	0 	0 	0 	0 	0 	0 	1 	0 	42 	1 	0 	0 	3 	0 	0 	0 	0 	0 	0 	1.7697 	1.4104 	2.1289 	1.0000
338 	0 	0 	0 	0 	0 	47 	0 	0 	0 	0 	0 	0 	0 	0 	0 	0 	0 	0 	0 	0 	2.2416 	1.9330 	2.5502 	1.0000
339 	0 	0 	0 	0 	14 	0 	0 	0 	0 	0 	0 	0 	0 	0 	0 	0 	0 	0 	26 	7 	2.5117 	2.2040 	2.8193 	1.0000
340 	0 	0 	0 	0 	0 	0 	0 	25 	0 	0 	0 	0 	0 	0 	0 	0 	0 	22 	0 	0 	1.8288 	1.5720 	2.0856 	1.0000
341 	0 	0 	47 	0 	0 	0 	0 	0 	0 	0 	0 	0 	0 	0 	0 	0 	0 	0 	0 	0 	2.5135 	2.2035 	2.8236 	1.0000
342 	0 	0 	0 	0 	0 	0 	0 	1 	0 	27 	0 	1 	0 	17 	0 	0 	1 	0 	0 	0 	1.5582 	1.2509 	1.8654 	1.0000
343 	0 	0 	0 	0 	0 	0 	0 	0 	0 	39 	8 	0 	0 	0 	0 	0 	0 	0 	0 	0 	1.8492 	1.5126 	2.1858 	1.0000
344 	0 	0 	0 	0 	0 	0 	0 	0 	0 	0 	0 	0 	0 	0 	47 	0 	0 	0 	0 	0 	2.4488 	2.1392 	2.7584 	1.0000
345 	0 	0 	1 	46 	0 	0 	0 	0 	0 	0 	0 	0 	0 	0 	0 	0 	0 	0 	0 	0 	2.2977 	1.9735 	2.6218 	1.0000
346 	3 	0 	1 	0 	0 	1 	0 	0 	0 	0 	0 	0 	2 	1 	0 	39 	0 	0 	0 	0 	1.7337 	1.3705 	2.0968 	1.0000
347 	0 	0 	0 	0 	39 	0 	0 	0 	0 	0 	0 	0 	0 	0 	0 	0 	0 	0 	0 	8 	2.4203 	2.1049 	2.7358 	1.0000
348 	0 	0 	0 	0 	0 	0 	0 	19 	0 	0 	0 	0 	0 	0 	0 	0 	0 	28 	0 	0 	1.8162 	1.5542 	2.0781 	1.0000
349 	1 	0 	0 	0 	0 	0 	0 	0 	0 	0 	0 	0 	46 	0 	0 	0 	0 	0 	0 	0 	2.4620 	2.1384 	2.7857 	1.0000
350 	0 	0 	0 	47 	0 	0 	0 	0 	0 	0 	0 	0 	0 	0 	0 	0 	0 	0 	0 	0 	2.3741 	2.0649 	2.6832 	1.0000
351 	0 	0 	43 	0 	0 	0 	0 	0 	0 	0 	0 	4 	0 	0 	0 	0 	0 	0 	0 	0 	2.2815 	1.9530 	2.6100 	1.0000
352 	0 	0 	0 	0 	0 	0 	0 	0 	0 	0 	0 	0 	0 	0 	47 	0 	0 	0 	0 	0 	2.4488 	2.1392 	2.7584 	1.0000
353 	4 	0 	0 	0 	0 	0 	0 	0 	2 	0 	0 	0 	0 	0 	1 	39 	1 	0 	0 	0 	1.7506 	1.3995 	2.1017 	1.0000
354 	0 	0 	0 	0 	0 	0 	0 	0 	0 	0 	0 	0 	0 	0 	47 	0 	0 	0 	0 	0 	2.4488 	2.1392 	2.7584 	1.0000
355 	0 	0 	0 	0 	0 	47 	0 	0 	0 	0 	0 	0 	0 	0 	0 	0 	0 	0 	0 	0 	2.2416 	1.9330 	2.5502 	1.0000
356 	0 	0 	0 	0 	0 	0 	0 	28 	0 	5 	0 	4 	0 	0 	0 	0 	0 	10 	0 	0 	1.5298 	1.2441 	1.8155 	1.0000
357 	0 	0 	0 	0 	44 	0 	0 	0 	0 	0 	3 	0 	0 	0 	0 	0 	0 	0 	0 	0 	2.6135 	2.2770 	2.9500 	1.0000
358 	0 	0 	0 	0 	47 	0 	0 	0 	0 	0 	0 	0 	0 	0 	0 	0 	0 	0 	0 	0 	2.7877 	2.4748 	3.1006 	1.0000
359 	0 	0 	47 	0 	0 	0 	0 	0 	0 	0 	0 	0 	0 	0 	0 	0 	0 	0 	0 	0 	2.5135 	2.2035 	2.8236 	1.0000
360 	0 	0 	0 	0 	0 	0 	0 	0 	0 	0 	0 	0 	0 	47 	0 	0 	0 	0 	0 	0 	2.7650 	2.4524 	3.0776 	1.0000
361 	0 	0 	47 	0 	0 	0 	0 	0 	0 	0 	0 	0 	0 	0 	0 	0 	0 	0 	0 	0 	2.5135 	2.2035 	2.8236 	1.0000
362 	0 	0 	0 	0 	0 	0 	0 	0 	0 	0 	0 	0 	0 	0 	0 	0 	0 	0 	47 	0 	3.7793 	3.4453 	4.1133 	1.0000
363 	2 	0 	0 	0 	0 	45 	0 	0 	0 	0 	0 	0 	0 	0 	0 	0 	0 	0 	0 	0 	2.0980 	1.7724 	2.4236 	1.0000
364 	2 	0 	0 	0 	0 	0 	0 	0 	0 	0 	0 	0 	0 	0 	0 	45 	0 	0 	0 	0 	2.1340 	1.8083 	2.4597 	1.0000
365 	0 	0 	0 	0 	0 	0 	0 	0 	0 	4 	43 	0 	0 	0 	0 	0 	0 	0 	0 	0 	2.8846 	2.5400 	3.2293 	1.0000
366 	0 	0 	0 	0 	0 	0 	0 	0 	0 	0 	0 	0 	47 	0 	0 	0 	0 	0 	0 	0 	2.5478 	2.2375 	2.8582 	1.0000
367 	0 	0 	0 	0 	0 	47 	0 	0 	0 	0 	0 	0 	0 	0 	0 	0 	0 	0 	0 	0 	2.2416 	1.9330 	2.5502 	1.0000
368 	9 	0 	0 	0 	0 	0 	0 	0 	0 	1 	0 	0 	0 	0 	0 	0 	0 	37 	0 	0 	1.7889 	1.4798 	2.0980 	1.0000
369 	0 	0 	0 	0 	38 	0 	0 	1 	0 	0 	8 	0 	0 	0 	0 	0 	0 	0 	0 	0 	2.3813 	2.0527 	2.7100 	1.0000
370 	39 	0 	0 	0 	0 	0 	0 	0 	0 	0 	0 	0 	8 	0 	0 	0 	0 	0 	0 	0 	1.8071 	1.4949 	2.1192 	1.0000
371 	0 	0 	0 	0 	0 	0 	0 	0 	0 	0 	0 	0 	0 	0 	0 	0 	0 	47 	0 	0 	2.3186 	2.0097 	2.6275 	1.0000
372 	47 	0 	0 	0 	0 	0 	0 	0 	0 	0 	0 	0 	0 	0 	0 	0 	0 	0 	0 	0 	2.1268 	1.8185 	2.4352 	1.0000
373 	0 	0 	0 	0 	0 	0 	0 	0 	0 	0 	0 	0 	0 	0 	0 	47 	0 	0 	0 	0 	2.2792 	1.9705 	2.5880 	1.0000
374 	0 	0 	0 	0 	0 	47 	0 	0 	0 	0 	0 	0 	0 	0 	0 	0 	0 	0 	0 	0 	2.2416 	1.9330 	2.5502 	1.0000
375 	0 	0 	0 	0 	0 	47 	0 	0 	0 	0 	0 	0 	0 	0 	0 	0 	0 	0 	0 	0 	2.2416 	1.9330 	2.5502 	1.0000
376 	0 	0 	0 	0 	0 	0 	0 	47 	0 	0 	0 	0 	0 	0 	0 	0 	0 	0 	0 	0 	2.5305 	2.2203 	2.8407 	1.0000
377 	0 	0 	0 	0 	0 	0 	47 	0 	0 	0 	0 	0 	0 	0 	0 	0 	0 	0 	0 	0 	3.3030 	2.9813 	3.6248 	1.0000
378 	0 	0 	0 	0 	0 	0 	0 	0 	0 	0 	0 	0 	0 	0 	0 	0 	0 	47 	0 	0 	2.3186 	2.0097 	2.6275 	1.0000
379 	0 	0 	0 	0 	0 	0 	0 	0 	0 	0 	0 	0 	0 	0 	0 	0 	0 	0 	47 	0 	3.7793 	3.4453 	4.1133 	1.0000
380 	0 	0 	0 	0 	0 	0 	47 	0 	0 	0 	0 	0 	0 	0 	0 	0 	0 	0 	0 	0 	3.3030 	2.9813 	3.6248 	1.0000
381 	0 	0 	0 	0 	0 	0 	0 	1 	0 	0 	46 	0 	0 	0 	0 	0 	0 	0 	0 	0 	3.1300 	2.7946 	3.4653 	1.0000
382 	0 	0 	0 	0 	0 	0 	0 	0 	0 	0 	0 	0 	47 	0 	0 	0 	0 	0 	0 	0 	2.5478 	2.2375 	2.8582 	1.0000
383 	45 	0 	0 	0 	0 	0 	0 	0 	0 	0 	0 	0 	0 	0 	0 	2 	0 	0 	0 	0 	1.9931 	1.6666 	2.3196 	1.0000
384 	0 	0 	0 	0 	0 	0 	0 	0 	0 	47 	0 	0 	0 	0 	0 	0 	0 	0 	0 	0 	2.0450 	1.7366 	2.3533 	1.0000
385 	0 	0 	0 	0 	0 	0 	0 	0 	0 	4 	0 	0 	0 	0 	0 	0 	0 	43 	0 	0 	2.0571 	1.7334 	2.3807 	1.0000
386 	7 	0 	0 	0 	0 	0 	0 	0 	0 	0 	0 	11 	0 	1 	0 	9 	19 	0 	0 	0 	1.2482 	1.0111 	1.4852 	1.0000
387 	0 	0 	0 	0 	0 	0 	0 	47 	0 	0 	0 	0 	0 	0 	0 	0 	0 	0 	0 	0 	2.5305 	2.2203 	2.8407 	1.0000
388 	0 	0 	0 	0 	47 	0 	0 	0 	0 	0 	0 	0 	0 	0 	0 	0 	0 	0 	0 	0 	2.7877 	2.4748 	3.1006 	1.0000
389 	0 	0 	0 	0 	0 	47 	0 	0 	0 	0 	0 	0 	0 	0 	0 	0 	0 	0 	0 	0 	2.2416 	1.9330 	2.5502 	1.0000
390 	0 	0 	47 	0 	0 	0 	0 	0 	0 	0 	0 	0 	0 	0 	0 	0 	0 	0 	0 	0 	2.5135 	2.2035 	2.8236 	1.0000
391 	0 	0 	46 	1 	0 	0 	0 	0 	0 	0 	0 	0 	0 	0 	0 	0 	0 	0 	0 	0 	2.4320 	2.1077 	2.7563 	1.0000
392 	7 	0 	0 	0 	0 	0 	0 	0 	0 	0 	0 	0 	0 	0 	0 	40 	0 	0 	0 	0 	1.9018 	1.5903 	2.2134 	1.0000
393 	0 	3 	0 	0 	0 	0 	0 	3 	0 	0 	1 	0 	0 	0 	0 	0 	0 	40 	0 	0 	1.9538 	1.5887 	2.3189 	1.0000
394 	0 	0 	0 	0 	3 	0 	0 	0 	0 	44 	0 	0 	0 	0 	0 	0 	0 	0 	0 	0 	1.8940 	1.5605 	2.2275 	1.0000
395 	0 	0 	0 	0 	0 	0 	0 	0 	0 	0 	0 	0 	0 	47 	0 	0 	0 	0 	0 	0 	2.7650 	2.4524 	3.0776 	1.0000
396 	0 	0 	0 	0 	47 	0 	0 	0 	0 	0 	0 	0 	0 	0 	0 	0 	0 	0 	0 	0 	2.7877 	2.4748 	3.1006 	1.0000
397 	0 	0 	0 	0 	0 	47 	0 	0 	0 	0 	0 	0 	0 	0 	0 	0 	0 	0 	0 	0 	2.2416 	1.9330 	2.5502 	1.0000
398 	0 	0 	0 	0 	0 	47 	0 	0 	0 	0 	0 	0 	0 	0 	0 	0 	0 	0 	0 	0 	2.2416 	1.9330 	2.5502 	1.0000
399 	0 	0 	0 	0 	0 	47 	0 	0 	0 	0 	0 	0 	0 	0 	0 	0 	0 	0 	0 	0 	2.2416 	1.9330 	2.5502 	1.0000
400 	0 	0 	0 	0 	0 	0 	0 	0 	0 	0 	0 	0 	0 	0 	0 	0 	47 	0 	0 	0 	2.4333 	2.1238 	2.7428 	1.0000
401 	0 	0 	0 	0 	0 	0 	4 	0 	0 	28 	0 	0 	0 	15 	0 	0 	0 	0 	0 	0 	1.6190 	1.3150 	1.9230 	1.0000
402 	0 	0 	0 	0 	0 	47 	0 	0 	0 	0 	0 	0 	0 	0 	0 	0 	0 	0 	0 	0 	2.2416 	1.9330 	2.5502 	1.0000
403 	0 	0 	0 	0 	0 	0 	47 	0 	0 	0 	0 	0 	0 	0 	0 	0 	0 	0 	0 	0 	3.3030 	2.9813 	3.6248 	1.0000
404 	0 	0 	0 	0 	0 	0 	0 	0 	0 	0 	0 	0 	47 	0 	0 	0 	0 	0 	0 	0 	2.5478 	2.2375 	2.8582 	1.0000
405 	0 	0 	0 	0 	0 	3 	0 	0 	0 	0 	0 	0 	0 	0 	0 	0 	0 	0 	44 	0 	3.4863 	3.1228 	3.8498 	1.0000
406 	0 	0 	0 	0 	0 	47 	0 	0 	0 	0 	0 	0 	0 	0 	0 	0 	0 	0 	0 	0 	2.2416 	1.9330 	2.5502 	1.0000
407 	0 	0 	0 	0 	0 	0 	0 	0 	0 	0 	0 	43 	0 	0 	0 	4 	0 	0 	0 	0 	2.4034 	2.0751 	2.7318 	1.0000
408 	47 	0 	0 	0 	0 	0 	0 	0 	0 	0 	0 	0 	0 	0 	0 	0 	0 	0 	0 	0 	2.1268 	1.8185 	2.4352 	1.0000
409 	45 	0 	0 	0 	0 	0 	0 	0 	0 	0 	0 	0 	2 	0 	0 	0 	0 	0 	0 	0 	2.0022 	1.6733 	2.3310 	1.0000
410 	0 	0 	0 	0 	0 	47 	0 	0 	0 	0 	0 	0 	0 	0 	0 	0 	0 	0 	0 	0 	2.2416 	1.9330 	2.5502 	1.0000
411 	47 	0 	0 	0 	0 	0 	0 	0 	0 	0 	0 	0 	0 	0 	0 	0 	0 	0 	0 	0 	2.1268 	1.8185 	2.4352 	1.0000
412 	34 	2 	0 	0 	0 	0 	9 	0 	0 	0 	0 	0 	0 	0 	0 	0 	2 	0 	0 	0 	1.7285 	1.3727 	2.0843 	1.0000
413 	47 	0 	0 	0 	0 	0 	0 	0 	0 	0 	0 	0 	0 	0 	0 	0 	0 	0 	0 	0 	2.1268 	1.8185 	2.4352 	1.0000
414 	0 	0 	0 	0 	0 	0 	0 	0 	0 	0 	0 	47 	0 	0 	0 	0 	0 	0 	0 	0 	2.6797 	2.3681 	2.9913 	1.0000
415 	0 	0 	0 	0 	0 	0 	0 	0 	0 	0 	0 	0 	0 	0 	47 	0 	0 	0 	0 	0 	2.4488 	2.1392 	2.7584 	1.0000
416 	2 	0 	0 	0 	0 	0 	0 	0 	0 	0 	0 	0 	0 	0 	0 	0 	0 	45 	0 	0 	2.1716 	1.8457 	2.4975 	1.0000
417 	47 	0 	0 	0 	0 	0 	0 	0 	0 	0 	0 	0 	0 	0 	0 	0 	0 	0 	0 	0 	2.1268 	1.8185 	2.4352 	1.0000
418 	0 	0 	0 	0 	0 	0 	0 	0 	0 	43 	0 	0 	0 	0 	0 	0 	0 	4 	0 	0 	1.8268 	1.5013 	2.1523 	1.0000
419 	0 	0 	1 	46 	0 	0 	0 	0 	0 	0 	0 	0 	0 	0 	0 	0 	0 	0 	0 	0 	2.2977 	1.9735 	2.6218 	1.0000
420 	47 	0 	0 	0 	0 	0 	0 	0 	0 	0 	0 	0 	0 	0 	0 	0 	0 	0 	0 	0 	2.1268 	1.8185 	2.4352 	1.0000
421 	0 	45 	0 	0 	0 	0 	0 	0 	0 	0 	0 	0 	0 	0 	0 	2 	0 	0 	0 	0 	3.3416 	2.9914 	3.6918 	1.0000
422 	0 	0 	0 	0 	0 	0 	0 	1 	0 	0 	0 	0 	0 	0 	0 	0 	2 	44 	0 	0 	2.1076 	1.7676 	2.4475 	1.0000
423 	0 	0 	1 	17 	0 	0 	0 	0 	19 	0 	0 	0 	0 	10 	0 	0 	0 	0 	0 	0 	1.5093 	1.2632 	1.7554 	1.0000
424 	47 	0 	0 	0 	0 	0 	0 	0 	0 	0 	0 	0 	0 	0 	0 	0 	0 	0 	0 	0 	2.1268 	1.8185 	2.4352 	1.0000
425 	0 	0 	0 	0 	0 	0 	0 	0 	0 	0 	0 	0 	0 	0 	47 	0 	0 	0 	0 	0 	2.4488 	2.1392 	2.7584 	1.0000
426 	0 	0 	0 	0 	0 	0 	0 	0 	0 	0 	0 	47 	0 	0 	0 	0 	0 	0 	0 	0 	2.6797 	2.3681 	2.9913 	1.0000
427 	4 	0 	0 	26 	0 	0 	0 	0 	0 	0 	0 	0 	0 	13 	4 	0 	0 	0 	0 	0 	1.5326 	1.2536 	1.8116 	1.0000
428 	0 	0 	0 	0 	0 	47 	0 	0 	0 	0 	0 	0 	0 	0 	0 	0 	0 	0 	0 	0 	2.2416 	1.9330 	2.5502 	1.0000
429 	0 	0 	0 	0 	0 	0 	0 	0 	0 	0 	0 	0 	0 	0 	44 	0 	0 	3 	0 	0 	2.2457 	1.9179 	2.5734 	1.0000
430 	3 	0 	11 	18 	0 	1 	3 	0 	0 	0 	0 	1 	0 	10 	0 	0 	0 	0 	0 	0 	1.2366 	0.9764 	1.4968 	1.0000
431 	0 	0 	0 	0 	0 	0 	0 	12 	0 	23 	0 	0 	0 	0 	0 	0 	0 	12 	0 	0 	1.3408 	1.0950 	1.5866 	1.0000
432 	0 	0 	0 	47 	0 	0 	0 	0 	0 	0 	0 	0 	0 	0 	0 	0 	0 	0 	0 	0 	2.3741 	2.0649 	2.6832 	1.0000
433 	1 	0 	0 	0 	0 	0 	0 	0 	23 	1 	0 	0 	0 	0 	20 	0 	1 	1 	0 	0 	1.5732 	1.2866 	1.8598 	1.0000
434 	0 	0 	0 	46 	0 	0 	0 	0 	0 	0 	0 	1 	0 	0 	0 	0 	0 	0 	0 	0 	2.3003 	1.9753 	2.6253 	1.0000
435 	7 	0 	0 	0 	0 	31 	0 	0 	0 	0 	0 	0 	0 	0 	0 	9 	0 	0 	0 	0 	1.4912 	1.2086 	1.7738 	1.0000
436 	0 	0 	0 	0 	0 	3 	0 	0 	25 	0 	0 	0 	0 	0 	19 	0 	0 	0 	0 	0 	1.6846 	1.4189 	1.9503 	1.0000
437 	1 	0 	17 	29 	0 	0 	0 	0 	0 	0 	0 	0 	0 	0 	0 	0 	0 	0 	0 	0 	1.7811 	1.5064 	2.0558 	1.0000
438 	0 	0 	0 	0 	0 	0 	0 	45 	0 	0 	0 	0 	0 	0 	0 	0 	0 	2 	0 	0 	2.3805 	2.0522 	2.7088 	1.0000
439 	0 	0 	0 	0 	0 	0 	0 	0 	0 	44 	3 	0 	0 	0 	0 	0 	0 	0 	0 	0 	1.9192 	1.5780 	2.2604 	1.0000
440 	1 	0 	0 	1 	0 	0 	0 	0 	0 	0 	6 	0 	0 	1 	3 	3 	32 	0 	0 	0 	1.6068 	1.2587 	1.9550 	1.0000
441 	10 	0 	6 	14 	0 	3 	0 	0 	2 	0 	0 	8 	0 	2 	0 	1 	1 	0 	0 	0 	0.8650 	0.6346 	1.0953 	1.0000
442 	47 	0 	0 	0 	0 	0 	0 	0 	0 	0 	0 	0 	0 	0 	0 	0 	0 	0 	0 	0 	2.1268 	1.8185 	2.4352 	1.0000
443 	47 	0 	0 	0 	0 	0 	0 	0 	0 	0 	0 	0 	0 	0 	0 	0 	0 	0 	0 	0 	2.1268 	1.8185 	2.4352 	1.0000
444 	4 	0 	0 	0 	0 	0 	0 	0 	15 	0 	0 	0 	0 	15 	13 	0 	0 	0 	0 	0 	1.4157 	1.1868 	1.6445 	1.0000
445 	1 	0 	4 	0 	1 	0 	31 	0 	0 	0 	0 	1 	0 	1 	0 	5 	3 	0 	0 	0 	2.0119 	1.6468 	2.3769 	1.0000
446 	0 	1 	0 	0 	0 	0 	0 	0 	0 	0 	0 	0 	0 	0 	0 	46 	0 	0 	0 	0 	2.2228 	1.8920 	2.5536 	1.0000
447 	0 	0 	0 	0 	0 	0 	0 	0 	3 	0 	0 	0 	44 	0 	0 	0 	0 	0 	0 	0 	2.3452 	2.0160 	2.6744 	1.0000
448 	1 	0 	0 	46 	0 	0 	0 	0 	0 	0 	0 	0 	0 	0 	0 	0 	0 	0 	0 	0 	2.2920 	1.9697 	2.6144 	1.0000
449 	0 	0 	0 	0 	0 	0 	0 	0 	0 	47 	0 	0 	0 	0 	0 	0 	0 	0 	0 	0 	2.0450 	1.7366 	2.3533 	1.0000
450 	21 	0 	0 	0 	0 	0 	0 	0 	25 	0 	0 	0 	0 	0 	1 	0 	0 	0 	0 	0 	1.6415 	1.3727 	1.9102 	1.0000
451 	1 	0 	0 	0 	0 	0 	0 	33 	0 	0 	4 	0 	0 	0 	0 	0 	0 	9 	0 	0 	1.8182 	1.4998 	2.1365 	1.0000
452 	47 	0 	0 	0 	0 	0 	0 	0 	0 	0 	0 	0 	0 	0 	0 	0 	0 	0 	0 	0 	2.1268 	1.8185 	2.4352 	1.0000
453 	0 	0 	0 	0 	0 	0 	0 	0 	0 	11 	36 	0 	0 	0 	0 	0 	0 	0 	0 	0 	2.4813 	2.1520 	2.8106 	1.0000
454 	0 	0 	2 	45 	0 	0 	0 	0 	0 	0 	0 	0 	0 	0 	0 	0 	0 	0 	0 	0 	2.2374 	1.9089 	2.5659 	1.0000
455 	0 	0 	0 	0 	0 	0 	0 	0 	0 	0 	0 	0 	0 	0 	0 	0 	47 	0 	0 	0 	2.4333 	2.1238 	2.7428 	1.0000
456 	0 	0 	0 	0 	0 	0 	0 	0 	0 	0 	0 	0 	0 	0 	0 	0 	0 	0 	47 	0 	3.7793 	3.4453 	4.1133 	1.0000
457 	0 	0 	0 	1 	0 	0 	0 	0 	46 	0 	0 	0 	0 	0 	0 	0 	0 	0 	0 	0 	2.3686 	2.0448 	2.6925 	1.0000
458 	0 	0 	0 	47 	0 	0 	0 	0 	0 	0 	0 	0 	0 	0 	0 	0 	0 	0 	0 	0 	2.3741 	2.0649 	2.6832 	1.0000
459 	0 	0 	0 	0 	0 	0 	0 	47 	0 	0 	0 	0 	0 	0 	0 	0 	0 	0 	0 	0 	2.5305 	2.2203 	2.8407 	1.0000
460 	0 	0 	0 	0 	0 	0 	0 	0 	45 	0 	0 	0 	0 	0 	0 	0 	0 	2 	0 	0 	2.3023 	1.9746 	2.6300 	1.0000
461 	0 	0 	0 	0 	47 	0 	0 	0 	0 	0 	0 	0 	0 	0 	0 	0 	0 	0 	0 	0 	2.7877 	2.4748 	3.1006 	1.0000
462 	0 	0 	3 	44 	0 	0 	0 	0 	0 	0 	0 	0 	0 	0 	0 	0 	0 	0 	0 	0 	2.1863 	1.8576 	2.5149 	1.0000
463 	0 	0 	0 	0 	45 	0 	0 	0 	0 	0 	0 	0 	0 	0 	0 	0 	0 	0 	0 	2 	2.6493 	2.3154 	2.9832 	1.0000
464 	0 	0 	39 	8 	0 	0 	0 	0 	0 	0 	0 	0 	0 	0 	0 	0 	0 	0 	0 	0 	2.0990 	1.7897 	2.4082 	1.0000
465 	0 	0 	0 	0 	0 	0 	0 	0 	0 	0 	0 	0 	0 	0 	0 	0 	45 	2 	0 	0 	2.2875 	1.9599 	2.6151 	1.0000
466 	0 	0 	0 	0 	0 	0 	0 	0 	0 	0 	0 	0 	0 	0 	0 	0 	0 	47 	0 	0 	2.3186 	2.0097 	2.6275 	1.0000
467 	0 	0 	47 	0 	0 	0 	0 	0 	0 	0 	0 	0 	0 	0 	0 	0 	0 	0 	0 	0 	2.5135 	2.2035 	2.8236 	1.0000
468 	0 	0 	0 	0 	0 	0 	0 	0 	47 	0 	0 	0 	0 	0 	0 	0 	0 	0 	0 	0 	2.4488 	2.1392 	2.7584 	1.0000
469 	0 	0 	0 	0 	0 	0 	0 	0 	0 	47 	0 	0 	0 	0 	0 	0 	0 	0 	0 	0 	2.0450 	1.7366 	2.3533 	1.0000
470 	0 	0 	47 	0 	0 	0 	0 	0 	0 	0 	0 	0 	0 	0 	0 	0 	0 	0 	0 	0 	2.5135 	2.2035 	2.8236 	1.0000
471 	4 	0 	0 	0 	0 	1 	0 	4 	0 	3 	0 	1 	0 	1 	0 	2 	4 	27 	0 	0 	1.1128 	0.7924 	1.4331 	1.0000
472 	6 	0 	0 	0 	0 	10 	0 	0 	0 	0 	0 	2 	0 	12 	0 	2 	3 	6 	0 	0 	0.9556 	0.7171 	1.1942 	0.8723
473 	1 	0 	0 	0 	0 	1 	10 	0 	0 	0 	0 	14 	0 	0 	0 	1 	0 	0 	0 	0 	1.8226 	1.4324 	2.2128 	0.5745
474 	0 	0 	0 	0 	0 	0 	0 	0 	10 	0 	0 	0 	0 	0 	14 	0 	0 	0 	0 	0 	1.6773 	1.3064 	2.0482 	0.5106
# End LogoData
