## LogoData
# First column is position number, counting from zero
# Subsequent columns are raw symbol counts
# Entropy is mean entropy measured in nats.
# Low and High are the 95% confidence limits.
# Weight is the fraction of non-gap symbols in the column.
#	
#	A 	C 	D 	E 	F 	G 	H 	I 	K 	L 	M 	N 	P 	Q 	R 	S 	T 	V 	W 	Y 	Entropy	Low	High	Weight
1 	0 	0 	0 	0 	0 	0 	0 	0 	0 	0 	2 	0 	0 	0 	0 	0 	0 	0 	0 	0 	1.3856 	0.7120 	2.0592 	0.0426
2 	0 	0 	0 	0 	0 	0 	0 	0 	0 	0 	0 	0 	0 	0 	0 	0 	0 	1 	0 	0 	1.0532 	0.4490 	1.6574 	0.0213
3 	1 	0 	0 	0 	0 	0 	0 	0 	0 	0 	0 	0 	0 	0 	0 	0 	0 	0 	0 	0 	1.0279 	0.4073 	1.6486 	0.0213
4 	0 	0 	0 	0 	0 	0 	0 	0 	0 	0 	0 	0 	0 	0 	1 	0 	0 	0 	0 	0 	1.0715 	0.4735 	1.6694 	0.0213
5 	1 	0 	0 	0 	0 	0 	0 	0 	0 	0 	0 	0 	0 	0 	0 	0 	0 	0 	0 	0 	1.0279 	0.4073 	1.6486 	0.0213
6 	0 	0 	0 	0 	0 	0 	0 	0 	0 	1 	0 	0 	0 	0 	0 	0 	0 	0 	0 	0 	1.0177 	0.3875 	1.6480 	0.0213
7 	0 	0 	0 	0 	0 	0 	0 	0 	1 	0 	0 	0 	0 	0 	0 	0 	0 	0 	0 	0 	1.0715 	0.4735 	1.6694 	0.0213
8 	0 	0 	0 	1 	0 	0 	0 	0 	0 	0 	0 	0 	0 	0 	0 	0 	0 	0 	0 	0 	1.0609 	0.4598 	1.6620 	0.0213
9 	0 	0 	0 	0 	0 	0 	0 	0 	0 	0 	0 	0 	0 	1 	0 	0 	0 	0 	0 	0 	1.1189 	0.5202 	1.7177 	0.0213
10 	0 	0 	0 	1 	0 	0 	0 	0 	0 	0 	0 	0 	0 	0 	0 	0 	0 	0 	0 	0 	1.0609 	0.4598 	1.6620 	0.0213
11 	0 	0 	0 	0 	0 	0 	1 	0 	0 	0 	0 	0 	0 	0 	0 	0 	0 	0 	0 	0 	1.2081 	0.5622 	1.8540 	0.0213
12 	0 	0 	0 	0 	0 	0 	0 	0 	0 	0 	0 	0 	0 	0 	1 	0 	0 	0 	0 	0 	1.0715 	0.4735 	1.6694 	0.0213
13 	0 	0 	0 	0 	0 	0 	0 	1 	0 	0 	19 	0 	0 	1 	0 	0 	0 	0 	0 	0 	2.5292 	2.0110 	3.0474 	0.4468
14 	5 	0 	0 	0 	0 	0 	0 	0 	0 	0 	0 	2 	10 	0 	0 	2 	1 	0 	0 	0 	1.1978 	0.8108 	1.5847 	0.4255
15 	0 	0 	2 	0 	7 	0 	0 	1 	0 	0 	0 	1 	0 	0 	0 	1 	2 	0 	0 	0 	1.2093 	0.7809 	1.6376 	0.2979
16 	1 	0 	0 	0 	2 	0 	1 	0 	1 	0 	27 	2 	1 	6 	0 	4 	0 	1 	0 	0 	1.7594 	1.4045 	2.1142 	0.9787
17 	20 	0 	1 	0 	0 	0 	0 	0 	1 	2 	1 	4 	1 	0 	0 	11 	4 	0 	0 	1 	0.9296 	0.6356 	1.2235 	0.9787
18 	0 	0 	14 	9 	0 	0 	0 	0 	0 	0 	1 	0 	0 	5 	0 	1 	9 	1 	0 	0 	1.1642 	0.9036 	1.4247 	0.8511
19 	1 	0 	0 	0 	1 	0 	0 	9 	0 	1 	12 	0 	0 	1 	0 	1 	6 	15 	0 	0 	1.2056 	0.9411 	1.4702 	1.0000
20 	0 	0 	3 	0 	0 	15 	0 	0 	0 	1 	1 	2 	0 	22 	1 	1 	0 	1 	0 	0 	1.3715 	1.0639 	1.6790 	1.0000
21 	7 	0 	32 	1 	0 	0 	0 	0 	0 	0 	0 	2 	3 	0 	0 	1 	0 	1 	0 	0 	1.5600 	1.2222 	1.8977 	1.0000
22 	0 	0 	0 	0 	3 	0 	0 	0 	0 	0 	0 	0 	0 	0 	0 	0 	0 	0 	0 	44 	2.7543 	2.4188 	3.0899 	1.0000
23 	0 	0 	1 	1 	0 	0 	1 	1 	16 	1 	0 	4 	1 	14 	7 	0 	0 	0 	0 	0 	1.1667 	0.8985 	1.4350 	1.0000
24 	2 	0 	0 	1 	0 	1 	0 	0 	0 	1 	0 	0 	2 	9 	0 	10 	21 	0 	0 	0 	1.1929 	0.9199 	1.4658 	1.0000
25 	0 	0 	0 	0 	0 	0 	0 	0 	0 	0 	0 	0 	0 	0 	1 	0 	0 	0 	0 	0 	1.0715 	0.4735 	1.6694 	0.0213
26 	0 	0 	0 	0 	0 	0 	0 	0 	0 	1 	0 	0 	0 	0 	0 	0 	0 	0 	0 	0 	1.0177 	0.3875 	1.6480 	0.0213
27 	0 	0 	0 	0 	0 	0 	0 	0 	0 	0 	0 	0 	0 	0 	0 	1 	0 	0 	0 	0 	1.0479 	0.4410 	1.6548 	0.0213
28 	0 	0 	1 	0 	0 	0 	0 	0 	0 	0 	0 	0 	0 	0 	0 	0 	0 	0 	0 	0 	1.0808 	0.4845 	1.6771 	0.0213
29 	0 	0 	0 	0 	0 	0 	0 	0 	0 	0 	0 	0 	1 	0 	0 	0 	0 	0 	0 	0 	1.0859 	0.4900 	1.6817 	0.0213
30 	1 	0 	0 	0 	0 	0 	0 	0 	0 	0 	0 	0 	0 	0 	0 	0 	0 	0 	0 	0 	1.0279 	0.4073 	1.6486 	0.0213
31 	4 	0 	0 	0 	0 	0 	0 	0 	4 	0 	1 	0 	0 	4 	4 	9 	16 	5 	0 	0 	0.8821 	0.6527 	1.1114 	1.0000
32 	0 	0 	0 	1 	0 	0 	0 	0 	1 	0 	0 	0 	0 	1 	0 	0 	0 	0 	0 	0 	1.0198 	0.5075 	1.5322 	0.0638
33 	4 	0 	0 	1 	0 	0 	0 	2 	4 	2 	0 	2 	8 	10 	6 	0 	3 	2 	0 	3 	0.6600 	0.4617 	0.8584 	1.0000
34 	0 	0 	0 	0 	0 	0 	0 	0 	18 	0 	0 	0 	0 	1 	8 	0 	20 	0 	0 	0 	1.4966 	1.2462 	1.7470 	1.0000
35 	0 	0 	0 	0 	2 	1 	1 	0 	0 	18 	1 	0 	0 	1 	0 	0 	2 	0 	0 	21 	1.4825 	1.1547 	1.8103 	1.0000
36 	0 	0 	0 	46 	0 	1 	0 	0 	0 	0 	0 	0 	0 	0 	0 	0 	0 	0 	0 	0 	2.2936 	1.9708 	2.6165 	1.0000
37 	0 	0 	0 	0 	0 	0 	0 	0 	0 	1 	0 	0 	0 	0 	0 	0 	46 	0 	0 	0 	2.3489 	2.0265 	2.6713 	1.0000
38 	0 	0 	0 	0 	47 	0 	0 	0 	0 	0 	0 	0 	0 	0 	0 	0 	0 	0 	0 	0 	2.7877 	2.4748 	3.1006 	1.0000
39 	0 	0 	0 	0 	0 	16 	0 	0 	0 	0 	0 	0 	0 	0 	0 	31 	0 	0 	0 	0 	1.7121 	1.4440 	1.9802 	1.0000
40 	0 	0 	0 	0 	20 	0 	0 	0 	0 	0 	0 	0 	0 	0 	0 	0 	0 	0 	0 	27 	2.2884 	2.0223 	2.5545 	1.0000
41 	0 	0 	0 	0 	0 	0 	0 	0 	0 	47 	0 	0 	0 	0 	0 	0 	0 	0 	0 	0 	2.0450 	1.7366 	2.3533 	1.0000
42 	0 	0 	0 	0 	0 	1 	0 	0 	1 	0 	0 	0 	45 	0 	0 	0 	0 	0 	0 	0 	2.3829 	2.0461 	2.7197 	1.0000
43 	12 	0 	2 	4 	0 	0 	0 	0 	5 	0 	1 	0 	13 	7 	1 	2 	0 	0 	0 	0 	0.9001 	0.6643 	1.1359 	1.0000
44 	0 	0 	0 	0 	8 	0 	0 	0 	0 	13 	26 	0 	0 	0 	0 	0 	0 	0 	0 	0 	1.9742 	1.6751 	2.2733 	1.0000
45 	0 	0 	1 	0 	0 	1 	0 	0 	1 	0 	0 	5 	0 	0 	0 	9 	30 	0 	0 	0 	1.5294 	1.2168 	1.8420 	1.0000
46 	11 	0 	0 	0 	0 	0 	0 	0 	0 	0 	0 	1 	18 	15 	0 	1 	0 	0 	1 	0 	1.4314 	1.1637 	1.6992 	1.0000
47 	0 	0 	21 	25 	0 	0 	0 	0 	0 	0 	0 	1 	0 	0 	0 	0 	0 	0 	0 	0 	1.7743 	1.5062 	2.0425 	1.0000
48 	0 	0 	0 	20 	0 	0 	0 	0 	5 	0 	0 	1 	0 	18 	3 	0 	0 	0 	0 	0 	1.5044 	1.2341 	1.7747 	1.0000
49 	0 	0 	0 	0 	0 	0 	0 	23 	0 	0 	4 	0 	0 	0 	0 	0 	3 	17 	0 	0 	1.5641 	1.2863 	1.8420 	1.0000
50 	2 	0 	0 	0 	4 	0 	2 	0 	1 	0 	0 	0 	0 	1 	24 	0 	0 	0 	0 	13 	1.5291 	1.2223 	1.8358 	1.0000
51 	5 	0 	15 	5 	0 	0 	0 	0 	6 	0 	0 	2 	0 	4 	10 	0 	0 	0 	0 	0 	0.9749 	0.7576 	1.1923 	1.0000
52 	0 	0 	0 	0 	0 	0 	0 	0 	0 	0 	1 	0 	0 	46 	0 	0 	0 	0 	0 	0 	2.6922 	2.3620 	3.0224 	1.0000
53 	0 	0 	0 	0 	0 	0 	0 	42 	0 	0 	0 	0 	0 	0 	0 	0 	0 	5 	0 	0 	2.2229 	1.8998 	2.5461 	1.0000
54 	30 	0 	0 	4 	0 	0 	0 	0 	2 	1 	0 	2 	0 	4 	0 	0 	0 	4 	0 	0 	1.2186 	0.8846 	1.5527 	1.0000
55 	0 	0 	0 	0 	2 	0 	0 	0 	0 	0 	0 	0 	0 	0 	0 	0 	0 	0 	0 	45 	2.8128 	2.4774 	3.1481 	1.0000
56 	9 	5 	0 	0 	0 	0 	0 	20 	0 	8 	1 	0 	0 	0 	0 	0 	1 	3 	0 	0 	1.1760 	0.8934 	1.4586 	1.0000
57 	0 	0 	0 	0 	0 	0 	0 	32 	0 	7 	0 	0 	0 	0 	0 	0 	0 	8 	0 	0 	1.7054 	1.4122 	1.9987 	1.0000
58 	25 	0 	1 	1 	0 	1 	0 	0 	1 	0 	0 	5 	0 	0 	1 	12 	0 	0 	0 	0 	1.1663 	0.8643 	1.4684 	1.0000
59 	0 	0 	0 	1 	0 	0 	1 	0 	2 	0 	0 	2 	0 	40 	1 	0 	0 	0 	0 	0 	2.2256 	1.8530 	2.5982 	1.0000
60 	0 	0 	0 	0 	0 	47 	0 	0 	0 	0 	0 	0 	0 	0 	0 	0 	0 	0 	0 	0 	2.2416 	1.9330 	2.5502 	1.0000
61 	0 	0 	0 	0 	0 	0 	0 	0 	0 	1 	0 	0 	0 	0 	0 	0 	0 	0 	46 	0 	3.6660 	3.3142 	4.0178 	1.0000
62 	1 	0 	0 	0 	0 	0 	0 	0 	0 	0 	0 	25 	0 	0 	0 	6 	14 	1 	0 	0 	1.5941 	1.3169 	1.8713 	1.0000
63 	0 	0 	0 	0 	0 	0 	0 	0 	0 	0 	0 	0 	47 	0 	0 	0 	0 	0 	0 	0 	2.5478 	2.2375 	2.8582 	1.0000
64 	28 	1 	0 	0 	0 	8 	0 	0 	0 	2 	0 	0 	0 	0 	0 	7 	0 	1 	0 	0 	1.2179 	0.9138 	1.5220 	1.0000
65 	0 	0 	0 	0 	0 	0 	0 	31 	0 	2 	0 	0 	0 	0 	0 	0 	0 	14 	0 	0 	1.7948 	1.5087 	2.0808 	1.0000
66 	0 	0 	0 	47 	0 	0 	0 	0 	0 	0 	0 	0 	0 	0 	0 	0 	0 	0 	0 	0 	2.3741 	2.0649 	2.6832 	1.0000
67 	0 	0 	0 	0 	0 	0 	42 	0 	0 	0 	0 	0 	0 	0 	0 	0 	0 	0 	0 	5 	2.9747 	2.6373 	3.3120 	1.0000
68 	2 	0 	1 	11 	0 	0 	0 	2 	0 	0 	0 	0 	0 	0 	0 	3 	8 	20 	0 	0 	1.0850 	0.8278 	1.3422 	1.0000
69 	0 	0 	2 	24 	0 	0 	16 	0 	1 	0 	0 	0 	0 	1 	0 	0 	1 	2 	0 	0 	1.6891 	1.3643 	2.0140 	1.0000
70 	0 	0 	0 	0 	0 	0 	0 	0 	6 	0 	0 	0 	38 	0 	2 	0 	0 	1 	0 	0 	1.9896 	1.6531 	2.3260 	1.0000
71 	0 	0 	0 	0 	0 	5 	0 	0 	0 	0 	0 	0 	0 	0 	0 	0 	0 	0 	0 	0 	1.3515 	0.6658 	2.0372 	0.1064
72 	5 	0 	2 	16 	0 	0 	1 	0 	1 	0 	0 	0 	0 	1 	0 	16 	5 	0 	0 	0 	1.0421 	0.7784 	1.3057 	1.0000
73 	2 	0 	1 	3 	1 	1 	1 	0 	8 	0 	0 	13 	1 	3 	11 	2 	0 	0 	0 	0 	0.8787 	0.6327 	1.1246 	1.0000
74 	26 	1 	0 	0 	0 	0 	0 	1 	0 	0 	2 	0 	0 	1 	0 	16 	0 	0 	0 	0 	1.3813 	1.0680 	1.6947 	1.0000
75 	3 	0 	0 	0 	13 	1 	2 	0 	2 	0 	15 	2 	0 	0 	1 	5 	2 	0 	0 	1 	1.2288 	0.9470 	1.5106 	1.0000
76 	6 	0 	7 	3 	0 	2 	0 	0 	2 	0 	0 	13 	0 	2 	3 	6 	2 	1 	0 	0 	0.7110 	0.4958 	0.9262 	1.0000
77 	0 	0 	1 	0 	0 	0 	20 	0 	0 	0 	0 	5 	0 	1 	2 	7 	3 	1 	0 	7 	1.4605 	1.1684 	1.7526 	1.0000
78 	0 	0 	0 	0 	9 	0 	0 	0 	0 	0 	0 	0 	0 	0 	0 	0 	0 	0 	0 	38 	2.5057 	2.1945 	2.8168 	1.0000
79 	0 	0 	0 	0 	0 	0 	0 	0 	0 	0 	0 	0 	0 	0 	0 	0 	0 	0 	47 	0 	3.7793 	3.4453 	4.1133 	1.0000
80 	1 	0 	0 	0 	1 	3 	4 	0 	0 	0 	0 	0 	1 	0 	0 	4 	11 	0 	0 	22 	1.4607 	1.1632 	1.7582 	1.0000
81 	0 	0 	0 	0 	1 	0 	0 	0 	0 	7 	37 	0 	0 	0 	0 	0 	0 	0 	0 	2 	2.4564 	2.0983 	2.8144 	1.0000
82 	0 	0 	0 	0 	0 	0 	0 	0 	0 	0 	0 	0 	0 	0 	0 	0 	0 	0 	47 	0 	3.7793 	3.4453 	4.1133 	1.0000
83 	0 	0 	0 	0 	0 	2 	0 	0 	45 	0 	0 	0 	0 	0 	0 	0 	0 	0 	0 	0 	2.2998 	1.9725 	2.6271 	1.0000
84 	0 	0 	0 	0 	0 	0 	0 	0 	0 	47 	0 	0 	0 	0 	0 	0 	0 	0 	0 	0 	2.0450 	1.7366 	2.3533 	1.0000
85 	0 	0 	0 	0 	0 	0 	0 	0 	0 	0 	0 	0 	47 	0 	0 	0 	0 	0 	0 	0 	2.5478 	2.2375 	2.8582 	1.0000
86 	0 	0 	0 	0 	22 	0 	0 	0 	0 	7 	18 	0 	0 	0 	0 	0 	0 	0 	0 	0 	1.9739 	1.6987 	2.2491 	1.0000
87 	0 	0 	0 	0 	47 	0 	0 	0 	0 	0 	0 	0 	0 	0 	0 	0 	0 	0 	0 	0 	2.7877 	2.4748 	3.1006 	1.0000
88 	0 	0 	0 	0 	0 	47 	0 	0 	0 	0 	0 	0 	0 	0 	0 	0 	0 	0 	0 	0 	2.2416 	1.9330 	2.5502 	1.0000
89 	0 	0 	1 	37 	0 	0 	0 	0 	0 	0 	2 	0 	0 	0 	0 	1 	3 	3 	0 	0 	1.7340 	1.3713 	2.0966 	1.0000
90 	1 	0 	2 	1 	0 	0 	0 	0 	5 	0 	0 	1 	0 	24 	5 	1 	5 	2 	0 	0 	1.2540 	0.9494 	1.5586 	1.0000
91 	1 	0 	15 	2 	0 	0 	0 	0 	0 	0 	0 	8 	0 	0 	0 	21 	0 	0 	0 	0 	1.3752 	1.1158 	1.6346 	1.0000
92 	1 	0 	0 	0 	0 	0 	0 	1 	0 	15 	1 	0 	4 	0 	0 	0 	1 	24 	0 	0 	1.2492 	0.9515 	1.5469 	1.0000
93 	4 	0 	24 	6 	0 	5 	0 	0 	0 	0 	1 	5 	0 	1 	0 	1 	0 	0 	0 	0 	1.1992 	0.9069 	1.4915 	1.0000
94 	10 	0 	0 	3 	0 	0 	2 	0 	0 	5 	0 	7 	1 	2 	6 	1 	5 	5 	0 	0 	0.5967 	0.3950 	0.7984 	1.0000
95 	0 	0 	0 	0 	0 	0 	0 	11 	0 	0 	0 	0 	0 	0 	0 	0 	0 	36 	0 	0 	1.8973 	1.6029 	2.1916 	1.0000
96 	4 	0 	0 	0 	0 	0 	0 	6 	0 	25 	1 	0 	0 	0 	0 	0 	0 	11 	0 	0 	1.1722 	0.8914 	1.4529 	1.0000
97 	20 	0 	1 	2 	0 	2 	0 	0 	0 	0 	0 	4 	0 	1 	0 	14 	2 	1 	0 	0 	0.9824 	0.6957 	1.2692 	1.0000
98 	0 	0 	0 	47 	0 	0 	0 	0 	0 	0 	0 	0 	0 	0 	0 	0 	0 	0 	0 	0 	2.3741 	2.0649 	2.6832 	1.0000
99 	1 	0 	0 	0 	0 	0 	0 	13 	0 	31 	0 	0 	0 	0 	0 	0 	0 	2 	0 	0 	1.4860 	1.1841 	1.7879 	1.0000
100 	1 	0 	2 	44 	0 	0 	0 	0 	0 	0 	0 	0 	0 	0 	0 	0 	0 	0 	0 	0 	2.1563 	1.8174 	2.4951 	1.0000
101 	42 	0 	0 	2 	0 	1 	0 	0 	0 	0 	0 	0 	0 	1 	0 	1 	0 	0 	0 	0 	1.7837 	1.4248 	2.1425 	1.0000
102 	0 	47 	0 	0 	0 	0 	0 	0 	0 	0 	0 	0 	0 	0 	0 	0 	0 	0 	0 	0 	3.5362 	3.2089 	3.8635 	1.0000
103 	0 	0 	0 	0 	0 	0 	35 	0 	0 	0 	0 	0 	0 	0 	12 	0 	0 	0 	0 	0 	2.5897 	2.2750 	2.9045 	1.0000
104 	1 	0 	0 	0 	0 	0 	0 	0 	1 	0 	0 	0 	0 	2 	42 	1 	0 	0 	0 	0 	2.0775 	1.7184 	2.4366 	1.0000
105 	31 	0 	0 	11 	0 	0 	0 	0 	1 	0 	0 	1 	0 	0 	0 	2 	1 	0 	0 	0 	1.4018 	1.0825 	1.7211 	1.0000
106 	0 	0 	0 	0 	9 	0 	7 	0 	0 	0 	0 	5 	0 	0 	0 	0 	0 	0 	0 	26 	1.9424 	1.6600 	2.2248 	1.0000
107 	0 	0 	0 	0 	0 	0 	0 	0 	0 	0 	0 	0 	47 	0 	0 	0 	0 	0 	0 	0 	2.5478 	2.2375 	2.8582 	1.0000
108 	1 	0 	22 	1 	0 	9 	0 	0 	0 	0 	0 	12 	0 	0 	0 	1 	1 	0 	0 	0 	1.3698 	1.0976 	1.6421 	1.0000
109 	0 	0 	1 	0 	0 	0 	36 	0 	0 	0 	3 	3 	0 	2 	0 	0 	0 	0 	0 	2 	2.4534 	2.0788 	2.8280 	1.0000
110 	0 	0 	0 	0 	0 	0 	29 	0 	0 	8 	6 	0 	0 	1 	0 	0 	0 	3 	0 	0 	2.0612 	1.7240 	2.3984 	1.0000
111 	0 	0 	0 	0 	0 	0 	0 	6 	0 	0 	0 	0 	0 	0 	0 	0 	0 	41 	0 	0 	2.0202 	1.7007 	2.3397 	1.0000
112 	0 	0 	0 	0 	0 	0 	0 	0 	2 	0 	0 	0 	0 	0 	45 	0 	0 	0 	0 	0 	2.3067 	1.9783 	2.6350 	1.0000
113 	0 	0 	0 	0 	13 	0 	0 	1 	0 	29 	1 	0 	0 	0 	0 	0 	0 	3 	0 	0 	1.4715 	1.1538 	1.7893 	1.0000
114 	0 	0 	0 	0 	0 	0 	0 	22 	0 	2 	0 	0 	0 	0 	0 	0 	7 	16 	0 	0 	1.4570 	1.2020 	1.7121 	1.0000
115 	15 	0 	0 	0 	0 	32 	0 	0 	0 	0 	0 	0 	0 	0 	0 	0 	0 	0 	0 	0 	1.6663 	1.3945 	1.9380 	1.0000
116 	0 	0 	0 	0 	2 	0 	0 	0 	0 	0 	0 	0 	0 	0 	0 	0 	0 	0 	0 	45 	2.8128 	2.4774 	3.1481 	1.0000
117 	0 	0 	47 	0 	0 	0 	0 	0 	0 	0 	0 	0 	0 	0 	0 	0 	0 	0 	0 	0 	2.5135 	2.2035 	2.8236 	1.0000
118 	6 	0 	2 	0 	0 	0 	0 	0 	0 	0 	0 	38 	0 	0 	0 	1 	0 	0 	0 	0 	2.0607 	1.7214 	2.4001 	1.0000
119 	0 	0 	0 	0 	4 	0 	0 	0 	0 	0 	0 	0 	0 	0 	0 	0 	0 	0 	0 	43 	2.7025 	2.3689 	3.0360 	1.0000
120 	11 	0 	0 	0 	0 	0 	0 	0 	0 	0 	0 	0 	0 	0 	0 	12 	24 	0 	0 	0 	1.4395 	1.1950 	1.6840 	1.0000
121 	0 	0 	0 	0 	0 	0 	0 	0 	0 	0 	0 	0 	0 	47 	0 	0 	0 	0 	0 	0 	2.7650 	2.4524 	3.0776 	1.0000
122 	0 	4 	0 	0 	0 	0 	0 	0 	0 	0 	0 	0 	0 	0 	0 	40 	3 	0 	0 	0 	1.9547 	1.6007 	2.3087 	1.0000
123 	0 	0 	0 	0 	0 	0 	0 	0 	0 	3 	0 	0 	0 	44 	0 	0 	0 	0 	0 	0 	2.5274 	2.1956 	2.8592 	1.0000
124 	0 	0 	0 	0 	0 	47 	0 	0 	0 	0 	0 	0 	0 	0 	0 	0 	0 	0 	0 	0 	2.2416 	1.9330 	2.5502 	1.0000
125 	3 	0 	0 	0 	0 	0 	3 	2 	0 	12 	5 	0 	0 	0 	0 	11 	7 	4 	0 	0 	0.8259 	0.5888 	1.0629 	1.0000
126 	22 	9 	0 	0 	1 	0 	0 	0 	0 	0 	0 	3 	0 	1 	0 	9 	2 	0 	0 	0 	1.2783 	0.9645 	1.5922 	1.0000
127 	0 	0 	0 	0 	46 	0 	0 	0 	0 	0 	1 	0 	0 	0 	0 	0 	0 	0 	0 	0 	2.7144 	2.3840 	3.0448 	1.0000
128 	0 	0 	0 	0 	0 	0 	0 	1 	0 	0 	0 	0 	0 	0 	0 	0 	0 	46 	0 	0 	2.2437 	1.9197 	2.5677 	1.0000
129 	1 	0 	0 	0 	0 	0 	0 	1 	0 	0 	0 	0 	0 	0 	0 	0 	0 	45 	0 	0 	2.1633 	1.8279 	2.4987 	1.0000
130 	0 	0 	1 	0 	15 	0 	3 	1 	0 	0 	0 	0 	0 	0 	0 	0 	0 	0 	0 	27 	2.0418 	1.7396 	2.3439 	1.0000
131 	0 	0 	0 	13 	0 	0 	0 	0 	0 	0 	0 	0 	0 	3 	31 	0 	0 	0 	0 	0 	1.7581 	1.4682 	2.0480 	1.0000
132 	7 	0 	0 	0 	0 	31 	0 	0 	0 	0 	0 	0 	3 	0 	0 	0 	0 	0 	0 	0 	1.6254 	1.2908 	1.9601 	0.8723
133 	2 	0 	0 	0 	0 	3 	0 	0 	2 	0 	0 	1 	0 	1 	26 	1 	1 	0 	0 	0 	1.4651 	1.0724 	1.8578 	0.7872
134 	2 	0 	0 	0 	0 	10 	0 	0 	0 	0 	0 	0 	0 	0 	4 	2 	2 	0 	0 	0 	1.0522 	0.6779 	1.4265 	0.4255
135 	0 	0 	0 	0 	0 	0 	0 	0 	0 	0 	3 	0 	0 	0 	1 	1 	0 	1 	1 	0 	1.2474 	0.7164 	1.7783 	0.1489
# End LogoData
